1 23
2 349
3 1579
4 4691
5 5783
6 7187
7 9547
8 11519
9 15377
10 45779
11 52289
12 353359
13 361787
14 384277
15 510227
16 678413
17 710599
18 1007861
19 1218709
20 1301617
21 1484449
22 1567567
23 1839469
24 2073989
25 2264959
26 2409163
27 2438377
28 2520779
29 2735281
30 2882653
31 2998867
32 3100271
33 3211751
34 3384599
35 3639869
36 3760843
37 3919961
38 4079701
39 4172783
40 4719907
41 4891091
42 5039641
43 7158509
44 7659991
45 8256463
46 8305543
47 8829599
48 9232843
49 9862141
50 10534649
51 13001861
52 13446287
53 14166917
54 14390683
55 16353263
56 16473101
57 17838637
58 18351167
59 19517209
60 20155771
61 21328787
62 21589697
63 21985609
64 24766813
65 26610373
66 30234271
67 31857961
68 32434189
69 34129211
70 34708787
71 35326999
72 36506237
73 43457957
74 43761973
75 43907701
76 44032321
77 45456209
78 50853991
79 51515077
80 52730801
81 53415463
82 54839539
83 59990311
84 61285859
85 64533187
86 66261847
87 66392413
88 67282609
89 71904751
90 72267889
91 85663681
92 94112363
93 96710281
94 98403421
95 98617507
96 102221597
97 107242523
98 107710037
99 108913891
100 110718053
