1 3
2 7
3 10
4 19
5 32
6 34
7 37
8 51
9 81
10 119
11 122
12 134
13 157
14 160
15 161
16 174
17 221
18 252
19 254
20 294
21 305
22 309
23 364
24 371
25 405
26 580
27 682
28 734
29 756
30 763
31 776
32 959
33 1028
34 1105
35 1120
36 1170
37 1205
38 1550
39 1570
40 1576
41 1851
42 1930
43 2028
44 2404
45 2411
46 2565
47 2675
48 2895
49 2905
50 2940
51 3133
52 3211
53 3240
54 3428
55 3466
56 3727
57 3982
58 4075
59 -4114
60 4455
61 4564
62 4580
63 5595
64 6577
65 6813
66 6834
67 -7194
68 7790
69 8274
70 8817
71 9501
72 9507
73 9932
74 10268
75 10794
76 11364
77 -12074
78 -12201
79 12300
80 12836
81 12879
82 13995
83 15595
84 17120
85 17625
86 18262
87 18263
88 18892
89 21397
90 22933
91 25147
92 -25266
93 -25938
94 26999
95 29140
96 30324
97 -34286
98 36302
99 36850
100 -39136
101 39724
102 40891
103 41921
104 -43834
105 48739
106 49060
107 53756
108 54965
109 60266
110 61027
111 61095
112 61489
113 -67781
114 -69002
115 77374
116 80861
117 85802
118 86502
119 -89457
120 90894
121 96483
122 103540
123 107326
124 116127
125 120897
126 128019
127 133240
128 148513
129 154361
130 169433
131 170157
132 -172992
133 188617
134 217133
135 -219251
136 -226033
137 234445
138 -237917
139 239737
140 240681
141 243083
142 -251624
143 277158
144 289924
145 291265
146 -299451
147 304303
148 314408
149 319036
150 -322249
151 -334135
152 -336369
153 -348089
154 364972
155 365868
156 371780
157 379050
158 -424075
159 -429121
160 437103
161 440327
162 449251
163 470430
164 543684
165 -563688
166 -564833
167 581610
168 594548
169 -602102
170 -606811
171 607527
172 -612061
173 651399
174 741411
175 -753217
176 785890
177 -807333
178 -812118
179 -814360
180 -818873
181 -861275
182 -865055
183 -890738
184 -917987
185 -935147
186 -955607
187 -975336
188 -978300
189 1011005
190 -1075057
191 -1082705
192 -1098289
193 -1157200
194 1157583
195 -1225777
196 -1245637
197 -1307640
198 1322289
199 1387651
200 -1392532
201 -1397686
202 -1442484
203 -1507814
204 1574416
205 -1610522
206 -1626202
207 -1634227
208 -1660883
209 -1867341
210 1934766
211 -1957645
212 2002520
213 -2128333
214 -2130854
215 -2204340
216 -2235504
217 -2239014
218 -2244503
219 -2273813
220 -2292182
221 2363425
222 2465817
223 2476725
224 2615352
225 2627952
226 -2760548
227 -2877555
228 -2890345
229 -2907076
230 3082090
231 3174899
232 -3212683
233 -3251931
234 3302788
235 3408322
236 -3536345
237 -3538395
238 -3596871
239 -3665265
240 3683905
241 3762604
242 -3871354
243 -3879452
244 -3881630
245 -3943972
246 3985232
247 -3996143
248 -4137207
249 4224193
250 -4280865
251 -4368375
252 -4396599
253 -4573767
