1 1
2 2
3 5
4 10
5 20
6 24
7 26
8 41
9 53
10 130
11 149
12 205
13 234
14 287
15 340
16 410
17 425
18 480
19 586
20 840
21 850
22 986
23 1680
24 1843
25 2260
26 2591
27 3023
28 3024
29 3400
30 3959
31 3960
32 5182
33 5183
34 7920
35 9796
36 11233
37 14883
38 15119
39 15120
40 19593
41 21600
42 21603
43 21604
44 22177
45 28559
46 28560
47 31679
48 31680
49 38015
50 38016
51 38017
52 40320
53 52416
54 52417
55 58080
56 80641
57 85263
58 95458
59 95459
60 95460
61 95463
62 106247
63 106248
64 106249
65 114240
66 114241
67 114243
68 186620
69 186621
70 186622
71 186623
72 201596
73 201597
74 201598
75 201599
76 201600
77 361197
78 361198
79 361199
80 361200
81 393119
82 393120
83 418608
84 459646
85 459647
86 459648
87 574541
88 574542
89 574543
90 574554
91 574555
92 574556
93 574557
94 574558
95 574559
96 574560
97 776158
98 776159
99 776160
100 1121471
101 1121472
102 1149084
103 1149085
104 1149086
105 1149087
106 1149093
107 1149094
108 1149095
109 1149096
110 1149107
111 1149108
112 1149119
113 1149120
114 1149121
115 1444796
116 1444799
117 1444800
118 1860484
119 1860485
120 1860486
121 1860487
122 1860488
123 1860489
124 2298238
125 2298239
126 2298240
127 2298241
128 2298242
129 2298243
130 3104632
131 3104633
132 3104634
133 3104635
134 3104636
135 3104637
136 3104638
137 3104639
138 3104640
139 3104643
140 4112652
141 4112653
142 4112654
143 4112655
144 4523903
145 4523904
146 4700193
147 6350388
148 6350389
149 6350390
150 6350391
151 6350392
152 6350393
153 6350394
154 6350395
155 6350396
156 6350397
157 6350398
158 6350399
159 7441929
160 7441930
161 7441931
162 7441932
163 7441933
164 7441934
165 7441935
166 7441936
167 7441947
168 7441948
169 7441949
170 7441950
171 7441951
172 7441952
173 7441953
174 14310919
175 15124068
176 15124069
177 15124070
178 15124071
179 15124079
180 15124080
181 15124081
182 15657408
183 15657409
184 15657417
185 15657418
186 15657419
187 15657420
188 15657443
189 15657444
190 15657455
191 15657456
192 15657457
193 15657470
194 15657471
195 19368608
196 19368609
197 19368709
198 19368710
199 19368711
200 19368712
201 19368713
202 19368714
203 19368715
204 19368716
205 19368717
206 19368718
207 19368719
208 26666612
209 27320779
210 27320780
211 27320781
212 27320782
213 27320783
214 27320784
215 29953683
216 29953694
217 29953695
218 29953721
219 29953722
220 29953723
221 29953724
222 29953725
223 29953726
224 29953727
225 29953728
226 35069772
227 35069775
228 35069776
229 35069777
230 35069778
231 35069779
232 35069780
233 35069781
234 35069782
235 35069783
236 35069784
237 35069785
238 35069786
239 35069787
240 35069788
241 35069794
242 35069795
243 35069798
244 35069799
245 40589593
246 40589594
247 40589595
248 40589596
249 40589617
250 40589618
251 40589619
252 40589620
253 40589626
254 40589627
255 40589628
256 40589634
257 40589635
258 40589638
259 40589639
260 40589640
261 50822636
262 50822637
263 50822638
264 50822639
265 50822640
266 62204760
267 62204763
268 62204764
269 62204765
270 62204766
271 62204767
272 62204768
273 70543067
274 70543068
275 70543071
276 70543072
277 70543073
278 70543074
279 70543075
280 70543078
281 70543079
282 70543194
283 70543195
284 70543196
285 70543197
286 70543198
287 70543199
288 70543200
289 91814684
290 91814685
291 91814686
292 91814687
293 91814688
294 91814689
295 91814690
296 91814691
297 91814692
298 91814695
299 104386767
300 104386780
301 104386786
302 104386787
303 104386788
304 104386789
305 104386790
306 104386791
307 104386792
308 104386793
309 104386794
310 104386795
311 104386796
312 104386797
313 104386798
314 104386799
315 104386800
316 121396317
317 121396318
318 121396319
319 121396320
320 121396323
321 122522396
322 122522397
323 122522398
324 122522399
325 122522400
326 133055664
327 133055665
328 133055681
329 133055682
330 133055683
331 133055684
332 133055685
333 133055686
334 133055687
335 133055688
336 133055689
337 133055690
338 133055691
339 133055692
340 133055695
341 133055696
342 133055697
343 133055700
344 133055711
345 133055712
346 133055713
347 133055716
348 133055717
349 133055718
350 133055719
351 133055720
352 133055726
353 133055727
354 133055728
355 133055729
356 133055730
357 133055731
358 133055732
359 133055733
360 133055734
361 133055735
362 133055736
363 133055737
364 133055738
365 133055739
366 133055740
367 133055741
368 133055742
369 133055743
370 133055751
371 133055752
372 133055758
373 133055759
374 133055760
375 133055763
376 133055764
377 133055765
378 133055766
379 133055767
380 133055768
381 133055769
382 218300465
383 218300466
384 218300467
385 218300473
386 218300474
387 218300475
388 218300476
389 218300477
390 218300478
391 218300479
392 253955513
393 253955514
394 253955515
395 253955516
396 253955517
397 253955518
398 253955519
399 253955520
400 260467186
401 260467187
402 260467188
403 260467191
404 260467192
405 260467193
406 260467194
407 260467195
408 260467196
409 260467197
410 260467198
411 260467199
412 260467200
413 260467201
414 260467202
415 260467203
416 260467204
417 311875098
418 311875099
419 311875100
420 311875101
421 311875102
422 311875103
423 311875104
424 311875115
425 311875116
426 311875119
427 311875120
428 311875121
429 311875122
430 311875123
431 311875124
432 311875125
433 311875126
434 311875127
435 311875128
436 311875129
437 311875130
438 311875131
439 311875132
440 311875158
441 311875159
442 311875160
443 311875161
444 311875167
445 311875168
446 311875171
447 311875172
448 311875173
449 311875174
450 311875175
451 311875176
452 311875177
453 311875195
454 311875196
455 311875197
456 311875198
457 311875199
458 541632083
459 541632084
460 541632085
461 541632086
462 541632087
463 541632088
464 541632089
465 541632090
466 541632091
467 541632092
468 541632093
469 541632094
470 541632095
471 541632096
472 541632097
473 541632098
474 541632099
475 541632100
476 541632101
477 541632102
478 541632103
479 541632104
480 541632105
481 541632106
482 541632107
483 541632108
484 541632111
485 541632112
486 541632113
487 541632238
488 541632239
489 541632240
490 541632243
491 541632244
492 541632245
493 541632246
494 541632247
495 541632248
496 606981126
497 606981127
498 606981133
499 606981134
500 606981135
501 606981136
502 606981137
503 606981138
504 606981139
505 606981140
506 606981141
507 606981142
508 606981143
509 606981144
510 766791383
511 766791384
512 766791390
513 766791391
514 766791392
515 766791393
516 766791432
517 766791433
518 766791434
519 766791435
520 766791436
521 766791437
522 766791438
523 766791439
524 844192703
525 844192704
526 844192705
527 844192706
528 844192707
529 844192710
530 844192711
531 844192712
532 844192713
533 844192716
534 844192719
535 844192720
536 844192723
537 844192726
538 844192727
539 844192728
540 844192736
541 844192737
542 844192738
543 844192739
544 844192740
545 844192741
546 844192742
547 844192743
548 844192744
549 844192745
550 844192746
551 844192747
552 844192748
553 844192749
554 844192750
555 844192751
556 844192752
557 933851444
558 933851445
559 933851446
560 933851447
561 933851448
562 933851451
563 933851452
564 933851453
565 933851454
566 933851455
567 933851461
568 933851462
569 933851463
570 933851464
571 933851495
572 933851496
573 933851497
574 933851498
575 933851499
576 933851500
577 933851501
578 933851502
579 933851503
580 933851504
581 933851505
582 933851511
583 933851512
584 933851513
585 933851514
586 933851515
587 933851516
588 933851517
589 933851518
590 933851519
591 933851520
592 933851526
593 933851527
594 933851528
595 1402274333
596 1402274334
597 1402274335
598 1402274336
599 1402274337
600 1402274376
601 1402274377
602 1402274378
603 1402274379
604 1402274380
605 1761564445
606 1761564446
607 1761564447
608 1761564448
609 1761564474
610 1761564475
611 1761564476
612 1761564477
613 1761564478
614 1761564479
615 1761564480
616 1879394206
617 1879394207
618 1879394208
619 1879394209
620 1879394210
621 1879394211
622 2041411198
623 2041411199
624 2041411200
625 2041411244
626 2041411245
627 2041411246
628 2041411247
629 2041411248
630 2041411249
631 2041411318
632 2041411319
633 2041411320
634 2041411321
635 2041411322
636 2041411323
637 2041411324
638 2041411587
639 2041411590
640 2041411591
641 2041411592
642 2041411593
643 2041411596
644 2041411597
645 2041411598
646 2041411599
647 2041411645
648 2041411646
649 2041411647
650 2041411655
651 2041411656
652 2041411662
653 2041411663
654 2041411666
655 2041411667
656 2041411668
657 2041411669
658 2041411670
659 2041411671
660 2041411672
661 2041411673
662 2041411674
663 2041411675
664 2041411676
665 2041411677
666 2041411678
667 2041411679
668 2041411680
669 2041411681
670 2041411682
671 2041411683
672 2736440673
673 2736440674
674 2736440675
675 2736440683
676 2736440684
677 2736440685
678 2736440686
679 2736440687
680 2736440688
681 2736440711
682 2736440712
683 2772443342
684 2772443343
685 2772443344
686 2772443345
687 2772443346
688 2772443347
689 2772443353
690 2772443356
691 2772443359
692 2772443360
693 2772443361
694 2772443362
695 2772443363
696 2772443364
697 2772443365
698 2772443366
699 2772443367
700 2772443368
701 2772443374
702 2772443375
703 2772443376
704 2772443377
705 2772443378
706 2772443379
707 2772443380
708 2772443381
709 2772443382
710 2772443383
711 2772443384
712 2772443402
713 2772443403
714 2772443404
715 2772443410
716 2772443411
717 2772443432
718 2772443433
719 2772443436
720 2772443437
721 2772443438
722 2772443439
723 2772443440
724 2772443446
725 2772443447
726 2772443448
727 2772443507
728 2772443508
729 2772443509
730 2772443510
731 2772443511
732 2772443512
733 2772443513
734 2772443514
735 2772443515
736 2772443516
737 2772443517
738 2772443518
739 2772443519
740 2772443520
741 2772443521
742 2772443522
743 2772443523
744 2772443529
745 2772443535
746 2772443597
747 2772443598
748 2772443599
749 2772443600
750 2772443601
751 2772443604
752 3118999074
753 3118999075
754 3118999083
755 3118999084
756 3118999090
757 3118999091
758 3118999092
759 3118999093
760 3118999094
761 3118999095
762 3118999096
763 3118999102
764 3118999103
765 3760264602
766 3760264603
767 3760264604
768 3760264605
769 3760264606
770 3760264607
771 3760264608
772 3760264609
773 3760264610
774 3760264611
775 3760264703
776 3760264704
777 4082823105
778 4082823108
779 4082823109
780 4082823110
781 4082823111
782 4082823114
783 4082823115
784 4082823116
785 4082823117
786 4082823118
787 4082823119
788 4082823120
789 4082823121
790 4082823122
791 4082823123
792 4082823253
793 4082823254
794 4082823255
795 4082823256
796 4082823259
797 4082823260
798 4082823291
799 4082823292
800 4082823308
801 4082823309
802 4082823310
803 4082823311
804 4082823312
805 4082823313
806 4082823319
807 4082823320
808 4082823321
809 4082823322
810 4082823323
811 4082823324
812 4082823325
813 4082823326
814 4082823327
815 4082823330
816 4082823331
817 4082823332
818 4082823333
819 4082823334
820 4082823335
821 4082823336
822 4082823337
823 4082823338
824 4082823339
825 4082823340
826 4082823341
827 4082823342
828 4082823343
829 4082823344
830 4082823345
831 4082823346
832 4082823347
833 4082823348
834 4082823349
835 4082823350
836 4082823351
837 4082823352
838 4082823353
839 4082823354
840 4082823355
841 4082823356
842 4082823357
843 4082823358
844 4082823359
845 4082823360
846 6237997993
847 6237997999
848 6237998000
849 6237998001
850 6237998002
851 6237998003
852 6237998004
853 6334876745
854 6334876746
855 6334876747
856 6334876748
857 6334876749
858 6334876750
859 6334876751
860 6334876752
861 6334876753
862 6334876754
863 6334876755
864 6334876761
865 6334876764
866 6334876765
867 6334876766
868 6334876767
869 6334876768
870 6334876774
871 6334876775
872 6334876776
873 6334876779
874 6334876780
875 6334876786
876 6334876787
877 6334876788
878 6334876791
879 6334876792
880 6334876793
881 6334876794
882 6334876795
883 6334876796
884 6334876797
885 6334876798
886 6334876799
887 7595643886
888 7595643887
889 7595643888
890 7595643889
891 7595644002
892 7595644003
893 7893075441
894 7893075442
895 7893075443
896 7893075444
897 7893075450
898 7893075451
899 7893075452
900 7893075453
901 7893075454
902 7893075455
903 7893075456
904 7893075462
905 7893075463
906 7893075504
907 7893075505
908 7893075511
909 7893075512
910 7893075513
911 7893075516
912 7893075517
913 7893075518
914 7893075519
915 7893075520
916 7893075526
917 7893075527
918 7893075528
919 8385247017
920 8385247114
921 8385247115
922 8385247116
923 8385247117
924 8385247118
925 8385247119
926 8385247120
927 8385247121
928 8385247122
929 8385247123
930 8385247124
931 10672748916
932 10672748922
933 10672748923
934 10672748924
935 10672748925
936 10672748926
937 10672748927
938 10672748928
939 10672749303
940 10672749304
941 10736688607
942 10736688608
943 10736688624
944 10736688625
945 10736688626
946 10736688627
947 10736688628
948 10736688629
949 10736688630
950 10736688631
951 10736688632
952 10736688633
953 10736688634
954 10736688635
955 10736688636
956 10736688647
957 10736688648
958 10736688651
959 10736688652
960 10736688653
961 10736688654
962 10736688655
963 10736688656
964 10736688657
965 10736688660
966 10736688663
967 10736688664
968 10736688665
969 10736688666
970 10736688667
971 10736688668
972 10736688669
973 10736688670
974 10736688671
975 10736688702
976 10736688703
977 10736688704
978 10736688705
979 10736688706
980 10736688707
981 10736688708
982 10736688711
983 10736688712
984 10736688715
985 10736688716
986 10736688719
987 10736688720
988 10736688721
989 10736688727
990 10736688728
991 10736688729
992 10736688730
993 10736688731
994 10736688732
995 10736688755
996 10736688756
997 10736688759
998 10736688760
999 10736688771
1000 10736688777
