1 7
2 19
3 57
4 81
5 251
6 437
7 691
8 739
9 1743
10 3695
11 6619
12 8217
13 9771
14 14771
15 15155
16 16831
17 18805
18 26745
19 30551
20 41755
21 46297
22 54339
23 72359
24 86407
25 96969
26 131059
27 344859
28 395231
29 519963
30 607141
31 677397
32 741509
33 893019
34 917217
35 1288415
36 1406811
37 1789599
38 1827927
39 3085785
40 3216051
41 3444439
42 3524869
43 4412643
44 4645127
45 8269399
46 8282167
47 8721339
48 9741669
49 14910309
50 15474065
51 15746999
52 16135513
53 18444735
54 20764805
55 23005889
56 25881919
57 27021377
58 28080901
59 33914181
60 34761425
61 37477163
62 41803323
63 44759973
64 54021553
65 92490953
66 119093435
67 123583143
68 129330243
69 141855859
70 155230651
71 180374121
72 190015833
73 254018613
74 254908127
75 298785209
76 367302393
77 379149573
78 379152267
79 422882979
80 430630645
81 582812957
82 586839599
83 642875779
84 698759441
85 794197245
86 1085041415
87 1367109033
88 1409302919
89 1456834767
90 1893747659
91 2237580919
92 2864277039
93 2920232661
94 3340426503
95 3889563191
96 4451554269
97 5159811055
98 5594333495
99 7939239211
100 8101399883
