1 1
2 2
3 5
4 6
5 14
6 21
7 29
8 30
9 54
10 90
11 134
12 155
13 174
14 230
15 234
16 251
17 270
18 342
19 374
20 461
21 494
22 550
23 666
24 750
25 810
26 990
27 1890
28 2070
29 2486
30 2757
31 2966
32 3150
33 3566
34 3630
35 4554
36 4829
37 5670
38 5750
39 8154
40 8382
41 8774
42 8910
43 10350
44 10710
45 15734
46 15750
47 16302
48 17550
49 23310
50 23894
51 24174
52 24570
53 26862
54 29070
55 31126
56 33669
57 34650
58 35550
59 40324
60 40986
61 43094
62 46350
63 48510
64 54990
65 78702
66 93150
67 95484
68 98414
69 104670
70 111150
71 122850
72 127190
73 154350
74 154710
75 171990
76 197370
77 201600
78 201601
79 216810
80 219450
81 268506
82 269741
83 286650
84 303030
85 330030
86 406350
87 474030
88 483734
89 494550
90 589050
91 658350
92 776164
93 786240
94 859950
95 951786
96 1041390
97 1149120
98 1212750
99 1531530
100 1552324
