1 5
2 9
3 21
4 37
5 69
6 69
7 89
8 137
9 177
10 421
11 481
12 657
13 749
14 885
15 1085
16 1305
17 1353
18 1489
19 1861
20 2617
21 2693
22 3125
23 5249
24 5761
25 7129
26 8109
27 9465
28 9465
29 10717
30 12401
31 12401
32 16237
33 16237
34 24833
35 30725
36 35237
37 46701
38 47441
39 47441
40 61493
41 67797
42 67805
43 67805
44 69605
45 89653
46 89653
47 99449
48 99449
49 119349
50 119349
51 119349
52 126581
53 164581
54 164581
55 182369
56 253245
57 267765
58 299793
59 299793
60 299793
61 299801
62 333677
63 333677
64 333677
65 358781
66 358781
67 358785
68 586161
69 586161
70 586161
71 586161
72 633197
73 633197
74 633197
75 633197
76 633197
77 1134585
78 1134585
79 1134585
80 1134585
81 1234861
82 1234861
83 1314933
84 1443857
85 1443857
86 1443857
87 1804801
88 1804801
89 1804801
90 1804833
91 1804833
92 1804833
93 1804833
94 1804833
95 1804833
96 1804833
97 2438169
98 2438169
99 2438169
100 3522993
101 3522993
102 3609737
103 3609737
104 3609737
105 3609737
106 3609753
107 3609753
108 3609753
109 3609753
110 3609785
111 3609785
112 3609817
113 3609817
114 3609817
115 4538705
116 4538713
117 4538713
118 5844621
119 5844621
120 5844621
121 5844621
122 5844621
123 5844621
124 7219849
125 7219849
126 7219849
127 7219849
128 7219849
129 7219849
130 9753193
131 9753193
132 9753193
133 9753193
134 9753193
135 9753193
136 9753193
137 9753193
138 9753193
139 9753201
140 12919953
141 12919953
142 12919953
143 12919953
144 14211925
145 14211925
146 14765753
147 19949993
148 19949993
149 19949993
150 19949993
151 19949993
152 19949993
153 19949993
154 19949993
155 19949993
156 19949993
157 19949993
158 19949993
159 23379133
160 23379133
161 23379133
162 23379133
163 23379133
164 23379133
165 23379133
166 23379133
167 23379165
168 23379165
169 23379165
170 23379165
171 23379165
172 23379165
173 23379165
174 44958657
175 47513237
176 47513237
177 47513237
178 47513237
179 47513261
180 47513261
181 47513261
182 49188757
183 49188757
184 49188781
185 49188781
186 49188781
187 49188781
188 49188853
189 49188853
190 49188885
191 49188885
192 49188885
193 49188925
194 49188925
195 60847805
196 60847805
197 60848117
198 60848117
199 60848117
200 60848117
201 60848117
202 60848117
203 60848117
204 60848117
205 60848117
206 60848117
207 60848117
208 83775121
209 85830245
210 85830245
211 85830245
212 85830245
213 85830245
214 85830245
215 94101741
216 94101773
217 94101773
218 94101853
219 94101853
220 94101853
221 94101853
222 94101853
223 94101853
224 94101853
225 94101853
226 110174377
227 110174385
228 110174385
229 110174385
230 110174385
231 110174385
232 110174385
233 110174385
234 110174385
235 110174385
236 110174385
237 110174385
238 110174385
239 110174385
240 110174385
241 110174401
242 110174401
243 110174409
244 110174409
245 127515353
246 127515353
247 127515353
248 127515353
249 127515417
250 127515417
251 127515417
252 127515417
253 127515433
254 127515433
255 127515433
256 127515449
257 127515449
258 127515457
259 127515457
260 127515457
261 159663361
262 159663361
263 159663361
264 159663361
265 159663361
266 195421345
267 195421353
268 195421353
269 195421353
270 195421353
271 195421353
272 195421353
273 221616889
274 221616889
275 221616897
276 221616897
277 221616897
278 221616897
279 221616897
280 221616905
281 221616905
282 221617265
283 221617265
284 221617265
285 221617265
286 221617265
287 221617265
288 221617265
289 288443601
290 288443601
291 288443601
292 288443601
293 288443601
294 288443601
295 288443601
296 288443601
297 288443601
298 288443609
299 327939937
300 327939977
301 327939993
302 327939993
303 327939993
304 327939993
305 327939993
306 327939993
307 327939993
308 327939993
309 327939993
310 327939993
311 327939993
312 327939993
313 327939993
314 327939993
315 327939993
316 381376965
317 381376965
318 381376965
319 381376965
320 381376973
321 384914633
322 384914633
323 384914633
324 384914633
325 384914633
326 418005857
327 418005857
328 418005905
329 418005905
330 418005905
331 418005905
332 418005905
333 418005905
334 418005905
335 418005905
336 418005905
337 418005905
338 418005905
339 418005905
340 418005913
341 418005913
342 418005913
343 418005921
344 418005953
345 418005953
346 418005953
347 418005961
348 418005961
349 418005961
350 418005961
351 418005961
352 418005977
353 418005977
354 418005977
355 418005977
356 418005977
357 418005977
358 418005977
359 418005977
360 418005977
361 418005977
362 418005977
363 418005977
364 418005977
365 418005977
366 418005977
367 418005977
368 418005977
369 418005977
370 418006001
371 418006001
372 418006017
373 418006017
374 418006017
375 418006025
376 418006025
377 418006025
378 418006025
379 418006025
380 418006025
381 418006025
382 685810133
383 685810133
384 685810133
385 685810149
386 685810149
387 685810149
388 685810149
389 685810149
390 685810149
391 685810149
392 797823741
393 797823741
394 797823741
395 797823741
396 797823741
397 797823741
398 797823741
399 797823741
400 818280741
401 818280741
402 818280741
403 818280749
404 818280749
405 818280749
406 818280749
407 818280749
408 818280749
409 818280749
410 818280749
411 818280749
412 818280749
413 818280749
414 818280749
415 818280749
416 818280749
417 979783409
418 979783409
419 979783409
420 979783409
421 979783409
422 979783409
423 979783409
424 979783441
425 979783441
426 979783449
427 979783449
428 979783449
429 979783449
430 979783449
431 979783449
432 979783449
433 979783449
434 979783449
435 979783449
436 979783449
437 979783449
438 979783449
439 979783449
440 979783529
441 979783529
442 979783529
443 979783529
444 979783545
445 979783545
446 979783553
447 979783553
448 979783553
449 979783553
450 979783553
451 979783553
452 979783553
453 979783609
454 979783609
455 979783609
456 979783609
457 979783609
458 1701586145
459 1701586145
460 1701586145
461 1701586145
462 1701586145
463 1701586145
464 1701586145
465 1701586145
466 1701586145
467 1701586145
468 1701586145
469 1701586145
470 1701586145
471 1701586145
472 1701586145
473 1701586145
474 1701586145
475 1701586145
476 1701586145
477 1701586145
478 1701586145
479 1701586145
480 1701586145
481 1701586145
482 1701586145
483 1701586145
484 1701586153
485 1701586153
486 1701586153
487 1701586545
488 1701586545
489 1701586545
490 1701586553
491 1701586553
492 1701586553
493 1701586553
494 1701586553
495 1701586553
496 1906886105
497 1906886105
498 1906886121
499 1906886121
500 1906886121
501 1906886121
502 1906886121
503 1906886121
504 1906886121
505 1906886121
506 1906886121
507 1906886121
508 1906886121
509 1906886121
510 2408944793
511 2408944793
512 2408944809
513 2408944809
514 2408944809
515 2408944809
516 2408944929
517 2408944929
518 2408944929
519 2408944929
520 2408944929
521 2408944929
522 2408944929
523 2408944929
524 2652108169
525 2652108169
526 2652108169
527 2652108169
528 2652108169
529 2652108177
530 2652108177
531 2652108177
532 2652108177
533 2652108185
534 2652108193
535 2652108193
536 2652108201
537 2652108209
538 2652108209
539 2652108209
540 2652108233
541 2652108233
542 2652108233
543 2652108233
544 2652108233
545 2652108233
546 2652108233
547 2652108233
548 2652108233
549 2652108233
550 2652108233
551 2652108233
552 2652108233
553 2652108233
554 2652108233
555 2652108233
556 2652108233
557 2933779321
558 2933779321
559 2933779321
560 2933779321
561 2933779321
562 2933779329
563 2933779329
564 2933779329
565 2933779329
566 2933779329
567 2933779345
568 2933779345
569 2933779345
570 2933779345
571 2933779441
572 2933779441
573 2933779441
574 2933779441
575 2933779441
576 2933779441
577 2933779441
578 2933779441
579 2933779441
580 2933779441
581 2933779441
582 2933779457
583 2933779457
584 2933779457
585 2933779457
586 2933779457
587 2933779457
588 2933779457
589 2933779457
590 2933779457
591 2933779457
592 2933779473
593 2933779473
594 2933779473
595 4405373113
596 4405373113
597 4405373113
598 4405373113
599 4405373113
600 4405373233
601 4405373233
602 4405373233
603 4405373233
604 4405373233
605 5534116261
606 5534116261
607 5534116261
608 5534116261
609 5534116341
610 5534116341
611 5534116341
612 5534116341
613 5534116341
614 5534116341
615 5534116341
616 5904289341
617 5904289341
618 5904289341
619 5904289341
620 5904289341
621 5904289341
622 6413280717
623 6413280717
624 6413280717
625 6413280853
626 6413280853
627 6413280853
628 6413280853
629 6413280853
630 6413280853
631 6413281069
632 6413281069
633 6413281069
634 6413281069
635 6413281069
636 6413281069
637 6413281069
638 6413281893
639 6413281901
640 6413281901
641 6413281901
642 6413281901
643 6413281909
644 6413281909
645 6413281909
646 6413281909
647 6413282053
648 6413282053
649 6413282053
650 6413282077
651 6413282077
652 6413282093
653 6413282093
654 6413282101
655 6413282101
656 6413282101
657 6413282101
658 6413282101
659 6413282101
660 6413282101
661 6413282101
662 6413282101
663 6413282101
664 6413282101
665 6413282101
666 6413282101
667 6413282101
668 6413282101
669 6413282101
670 6413282101
671 6413282101
672 8596780069
673 8596780069
674 8596780069
675 8596780093
676 8596780093
677 8596780093
678 8596780093
679 8596780093
680 8596780093
681 8596780165
682 8596780165
683 8709885761
684 8709885761
685 8709885761
686 8709885761
687 8709885761
688 8709885761
689 8709885777
690 8709885785
691 8709885793
692 8709885793
693 8709885793
694 8709885793
695 8709885793
696 8709885793
697 8709885793
698 8709885793
699 8709885793
700 8709885793
701 8709885809
702 8709885809
703 8709885809
704 8709885809
705 8709885809
706 8709885809
707 8709885809
708 8709885809
709 8709885809
710 8709885809
711 8709885809
712 8709885865
713 8709885865
714 8709885865
715 8709885881
716 8709885881
717 8709885945
718 8709885945
719 8709885953
720 8709885953
721 8709885953
722 8709885953
723 8709885953
724 8709885969
725 8709885969
726 8709885969
727 8709886153
728 8709886153
729 8709886153
730 8709886153
731 8709886153
732 8709886153
733 8709886153
734 8709886153
735 8709886153
736 8709886153
737 8709886153
738 8709886153
739 8709886153
740 8709886153
741 8709886153
742 8709886153
743 8709886153
744 8709886169
745 8709886185
746 8709886377
747 8709886377
748 8709886377
749 8709886377
750 8709886377
751 8709886385
752 9798622501
753 9798622501
754 9798622525
755 9798622525
756 9798622541
757 9798622541
758 9798622541
759 9798622541
760 9798622541
761 9798622541
762 9798622541
763 9798622557
764 9798622557
765 11813217537
766 11813217537
767 11813217537
768 11813217537
769 11813217537
770 11813217537
771 11813217537
772 11813217537
773 11813217537
774 11813217537
775 11813217825
776 11813217825
777 12826564925
778 12826564933
779 12826564933
780 12826564933
781 12826564933
782 12826564941
783 12826564941
784 12826564941
785 12826564941
786 12826564941
787 12826564941
788 12826564941
789 12826564941
790 12826564941
791 12826564941
792 12826565349
793 12826565349
794 12826565349
795 12826565349
796 12826565357
797 12826565357
798 12826565453
799 12826565453
800 12826565501
801 12826565501
802 12826565501
803 12826565501
804 12826565501
805 12826565501
806 12826565517
807 12826565517
808 12826565517
809 12826565517
810 12826565517
811 12826565517
812 12826565517
813 12826565517
814 12826565517
815 12826565525
816 12826565525
817 12826565525
818 12826565525
819 12826565525
820 12826565525
821 12826565525
822 12826565525
823 12826565525
824 12826565525
825 12826565525
826 12826565525
827 12826565525
828 12826565525
829 12826565525
830 12826565525
831 12826565525
832 12826565525
833 12826565525
834 12826565525
835 12826565525
836 12826565525
837 12826565525
838 12826565525
839 12826565525
840 12826565525
841 12826565525
842 12826565525
843 12826565525
844 12826565525
845 12826565525
846 19597246317
847 19597246333
848 19597246333
849 19597246333
850 19597246333
851 19597246333
852 19597246333
853 19901599873
854 19901599873
855 19901599873
856 19901599873
857 19901599873
858 19901599873
859 19901599873
860 19901599873
861 19901599873
862 19901599873
863 19901599873
864 19901599889
865 19901599897
866 19901599897
867 19901599897
868 19901599897
869 19901599897
870 19901599913
871 19901599913
872 19901599913
873 19901599921
874 19901599921
875 19901599937
876 19901599937
877 19901599937
878 19901599945
879 19901599945
880 19901599945
881 19901599945
882 19901599945
883 19901599945
884 19901599945
885 19901599945
886 19901599945
887 23862416561
888 23862416561
889 23862416561
890 23862416561
891 23862416913
892 23862416913
893 24796825333
894 24796825333
895 24796825333
896 24796825333
897 24796825349
898 24796825349
899 24796825349
900 24796825349
901 24796825349
902 24796825349
903 24796825349
904 24796825365
905 24796825365
906 24796825493
907 24796825493
908 24796825509
909 24796825509
910 24796825509
911 24796825517
912 24796825517
913 24796825517
914 24796825517
915 24796825517
916 24796825533
917 24796825533
918 24796825533
919 26343027865
920 26343028169
921 26343028169
922 26343028169
923 26343028169
924 26343028169
925 26343028169
926 26343028169
927 26343028169
928 26343028169
929 26343028169
930 26343028169
931 33529426993
932 33529427009
933 33529427009
934 33529427009
935 33529427009
936 33529427009
937 33529427009
938 33529427009
939 33529428185
940 33529428185
941 33730299429
942 33730299429
943 33730299477
944 33730299477
945 33730299477
946 33730299477
947 33730299477
948 33730299477
949 33730299477
950 33730299477
951 33730299477
952 33730299477
953 33730299477
954 33730299477
955 33730299477
956 33730299509
957 33730299509
958 33730299517
959 33730299517
960 33730299517
961 33730299517
962 33730299517
963 33730299517
964 33730299517
965 33730299525
966 33730299533
967 33730299533
968 33730299533
969 33730299533
970 33730299533
971 33730299533
972 33730299533
973 33730299533
974 33730299533
975 33730299629
976 33730299629
977 33730299629
978 33730299629
979 33730299629
980 33730299629
981 33730299629
982 33730299637
983 33730299637
984 33730299645
985 33730299645
986 33730299653
987 33730299653
988 33730299653
989 33730299669
990 33730299669
991 33730299669
992 33730299669
993 33730299669
994 33730299669
995 33730299741
996 33730299741
997 33730299749
998 33730299749
999 33730299781
1000 33730299797
