0 2
1 0
2 49
3 637
4 1729
5 8281
6 12103
7 1529437
8 53599
9 157339
10 593047
11 19882681
12 375193
13 68574961
14 2989441
15 7709611
16 1983163
17 47738317081
18 4877509
19 21169376772835837
20 18384457
21 377770939
22 69771386503
23 146482609
24 13882141
25 1302924259
26 3418797938647
27 92672671
28 900838393
29 275201898046865881
30 238997941
31 293011423778999355142222237
32 85276009
33 907028024539
34 8208533850691447
35 63843288691
36 180467833
37 34472500996175495133127303960813
38 24755560921
39 44444373202411
40 680224909
41 2872852801
42 11710899109
43 949165729998374161
44 2162912981593
45 4540960879
46 66809249633371609
47 3809148509126991616848889081
48 596932063
49 10789515788779
50 40390652029
51 106710940058988811
52 105982736098057
53 1213022485129
54 3428888827
55 153287736147091
56 33331020541
57 5228836062890451739
58 111668398968578721667489
59 844443090845809
60 8842923817
61 38941611811810745401
62 5567217051800987747702222503
63 222507083071
64 4178524441
65 7511099071207459
66 28117868760709
67 7860041410116536427241
68 140769787249
69 12554435386999974625339
70 1979141949421
71 126589167933116473460569503355381399426681
72 7760116819
73 13137675470254318025458413361
74 205000799986801
75 767422388551
76 12468762919200307993
77 25905627408858379
78 1377775569274741
79 10754506178834225077895025702392178763497507944146063034704120567837
80 29249671087
81 106295553637
82 1572601022944529912478134479388328247
83 2912466986794729
84 433303267033
85 18034148869969109059
86 99347885194918583041
87 1477016768845160014696508011
88 80027780318941
89 1752157029897884668152036844963767118357988463209881
90 168015552523
91 1269375743034060571
92 29937499768999939491193
93 72373821673412840720128892539
94 4581441688047722385682249
95 6897719575201
96 36412855843
97 17512784100425595121816085380384347580651245974910508209971111748476463546555628813
98 334474989452149
99 534239506453471
100 1494454125073
101 10100836598112355432847530155883969647677250250700785198681
102 3308039141828653141
103 181842339337322748300761129011376692561
104 3921361235628109
105 37603697038999
106 21766822411161629210545252961914466073987866647
107 24252108672067765394266919904277411124073077851932585262033081
108 147442219561
109 108793090569176007568821121042441
110 4751919820559821
111 774263645280065083180300081
112 1433233883263
113 23790094045081
114 162093917949604003909
115 2121699580402995711682291
116 492206920768309201
117 26177735816220079
118 21393569380696684014836246067059456503109089
119 3047771159024779430971
120 380245724131
121 739890624424404162619
122 3932935484569
123 74005288795235161
124 37938918618723189075834703969
125 277039482266911
126 8232762073627
127 539002033157126490953130912601
128 254889990901
129 1001746851615665554248571663370365093339
130 232844071207431229
131 28063318608058040279233652209
132 1040361144146233
133 149340786792214192117579
134 14762761181856519478777159458599647946605211904870378367303
135 5208482128213
136 9415188326743089709
137 24118139117647150849
138 1051400582232897169
139 5463524240307139708098512133755412069637769193656617263927718834919617904650300373632545232425506973068462303420299837
140 73228252128577
141 2405194190729212995750820563752246589106939
142 35445389597637503268543959860097754719799113783593778459894503
143 16789792597941240533929
144 473367125959
145 249615833934832042483709853859
146 1736824090284237660158654033144789981270156575396095144534830647
147 6355024799590831
148 20304303086747366633411982032918857
149 16561424700057601
150 28394628376387
151 1505836412052369678678602909343210391097641
152 461344228010411395741
153 62852743694744409679
154 803074449674609749
155 12231175862806770081701782839091
156 50977696063165417
157 8896877165429501937909623214175377960201535383087799026200308507301831883510929860228378263072598018879567224894764296074392255296813
158 1165714608208969
159 282968691345101179737088288504888058961842266411
160 1784229936307
161 358567229088106275274307179
162 4570708806391
163 51518628529411961281
164 48750631711280427286822168861038175657
165 90286476590636599
166 490609817372238513828493177517428803011992814903999249580167276184156103
167 161779447175051598659766437488095409
168 18632040482419
169 6127034260858490870647939
170 559058614969042380829
171 3079784441042476074271
172 26715909255079893121
173 40312292027656918521963529
174 45787519834199960455591748341
175 13574934631078639
176 3441194553714463
177 33290983568059808694888700054311575248801780800987739
178 4098606365579452351631109463822882479968350156976606909283590689
179 57907652021470809188449
180 7224668758489
181 183123913839120657539940631629904921
182 39350648034055877701
183 1631258194834930626049546302661267187191287259248399211
184 1107687491452997761174141
185 1438985609083353693342133049236217059
186 2243588471875798062323995668709
187 87047392072906725327962731
188 8588223950274241
189 255215624282437
190 27393872133483076660621
191 5131445803599926053241690677842351701758536432635939235364208439991825638908936100850082203386510789726514681
192 2439661341481
193 177686698397359621561
194 19033190180697645530722861604036936773441
195 4424037352941193351
196 12375574609729513
197 12320601374443422453833299317499486435922245974758890104109464464420373359020355578141047370331012406133361749081
198 19766861738778427
199 2775589750756870270923381529665685256686723492902306889374526961070543570949294066797285183547382299057343841373124532331894313152405850723386934805620767652046672031837
200 64261527378139
201 191915895364134753224103072961795423305867754763314918774939
202 525123468697113875917253906437743600769
203 192713838743881
204 122397448247660166217
205 3455004447409132217714461451216157158659
206 39146869195988445969244271949419924061804730316342681227502935195833641735985740310192103
207 7394562442942985054324671
208 168618533132008687
209 4265322211572429541070173819
210 1391336790442963
211 38417734892377848543749203218201451152272345548934714691273762921695139986693299386746502472581318392996367676654002854744559440721081063975132172095660154162068423048910132618237
212 45698689623855046919265590711292685193031841
213 123696227099118119035681
214 2452124489614760716347425892121497480703702916389133150809
215 688838171339120275398289
216 8993975393221
217 2067068720814344143807601299806379
218 4742700844761808807190487223321
219 439680517127728698753397456543401715321
220 175821033360713377
221 197005768787315761
222 263955940127715766234355766427945141
223 6674226338191905060145170593174753410341621056282495534070739390900534192209361
224 87427266879043
225 880233479667997
226 877718240094443477402848524362274122043667849
227 983088705816313994958096556573195806871456280802568550014058858085694009176806332250753660634121618079493866702070870546856321081
228 5997474964135348144633
229 62559961899666808545278371707243319262299897939102923001267914846998318421444186295914693951909504989000663445859827667984816800144253287361399632527812090680950053433894489683067522300630258413
230 1948435054537076700049
231 15258414543817585231
232 130318325681953733604376514509
233 232392341393328631552333873942729
234 968576225200142923
235 406477818233236996281888675274129673559072691
236 79386191585373389964734592437204525593296554217739993
237 43008193764627730392739577693751431980139724601
238 94480905929768162360101
239 5376405135556922415004677481592873120275003061809
240 23194989171991
241 61780250968746750387789004838494096886872081
242 22936609357156529041189
243 169116225836467
244 3889923387683296108271995029423021754071531156669259657
245 2294163952652289991
246 633758212246645554728688195193496283541
247 720839453755740592440859375411
248 2798880774309734569
249 692664475782927447425657499386067139114651176529046567668926826441
250 10250460843875707
251 32670918704152465774141043639964812846701530367760473444242565703199742632861555784364102507459055195978861887237038063289007772902304674058681
252 354008769165961
253 10241038629985403328109487339419
254 116413650956311326542310841
255 10622113684411805235751
256 17077629390367
257 95473317672316758302401
258 31054152400085632181705721564481317893509
259 243188567935086774174820485320920682971
260 8615230634674955473
261 869962876849799248656243218479
262 18007032778032694355602514387114634021732513347724531690621524986460545678568211998821530772022248901271836402503
263 420822973563437809
264 44735529198288019
265 12557715249685059365095784756336096391283081
266 4629564390558639955644949
267 148334382575960947681081400617224326625379866481
268 457645596637552103842091943216589086344761569050981729386393
269 452207568904697030072208984102627416145410267346395864117495011807100162450720694083066367960345027715654767706360720198551971251062184308450898048241881
270 223964731513159
271 19517049165427348809149919546672711191968634910499647717221360826636758143971097464823987272744930676964984045203141295880591020331363154466894232028283179846739856442155217271531334330054967204441512661260395673793690593166750237
272 404853098049952857487
273 747662312647061676319
274 2118509399302768458242280215129649578022808462846443428869931793132096738537871573449354273797645560985730280918075447
275 32593418049219812239
276 14399937388888970895263833
277 3993072862657895931846877778118299229635280217105824182344397037993903241
278 27340726572583720173500527935488124121
279 42628180965640163184155917705471
280 3148814841528811
281 1653900449385227781231291889
282 74561019912605602868275437476319644262315109
283 1278656500383413872084150135128275277655678081069178136052586233530511360586987014068008464077407761
284 9442978098450169
285 520483570536178456551799
286 1123893858500669923018261
287 583895751612143344793743985255530559813371
288 31715597439253
289 420161135484034837973538461655379
290 7738090851979793316995005469629
291 9587367943241608132364353545262036450354307801271083861808897288223361681641
292 12148750242703465534993980001197281492696531761458900649
293 137145157941176993881
294 235135917584860747
295 2534670684818447530302284410878858751884216121
296 751259214209652565436243335217997709
297 612772713902131237
298 20904662379750962117030089
299 1730735528467533162450503360361811
300 1220969020184641
301 28610891828995023894893455277520997430855179
302 3646402011918560311257958386274113042811487340502983456723841
303 5074909792926988151403721
304 19837801804447690016863
305 801516442764745688415192340741249
306 2325551516705543158123
307 51753961292123107517738371133018078412780018837298178958086762141559176036323833045264901251344742314424123243179313742597919986911049245060358180081973669698049908783377197379773358756158270130967412997842663160657414588095477956793837730333787939903508189437
308 29713754637960560713
309 508909299547849797600175535342459012803461494112454855957538157545837342567814624032497339
310 379166451747009872532755268011821
311 229231435731232536684064801
312 2192040930716112931
313 8253283216213545601
314 81041122019876161280333302561
315 43131440503731853
316 6334404139333358570880170138708993291700032179102031127440727014455993
317 499430553600912031068739641836618864979540492136151290986558917982036819827012892027704532143557139108952779796502037111679272729374053831676718237243582004106889499635831724037081
318 8772029431698136571849736943651529827817110258741
319 3143100007950894345792529
320 119543405732569
321 1221891228214387364038021460357244089741111047364004109154049116267555459505322912302026110939
322 11115584101731294533503522549
323 20587895638717707060703384621113571
324 278813237189851
325 1597077484411770799711
326 39274305695472538732344424696321201
327 59872670182504980837863051557504960397314441320836201348548406697110217515760822702799279436011
328 1803773373317375809612420247858412499309
329 68694751281417052371639186121327914831483284779
330 3340599633853554163
331 9915087633167115021785107430301967614481816064115526822136364264450008335661548261154052978163086338414769249167696006377001459648236965929714952362382669968906375556435873938981930809834229646377038344417142790601002923460895692222334631050957557425025749340296238521978552882237
332 279509175946103495028088329241
333 1024328456607797143734474361
334 1477402641410197549244153980798185404338063196569
335 32433786316538773294873419330543426538691650555000221272964691
336 1136554469427559
337 1166500144954477915197996104067596187876171178127127615097521119348279030682245491376513178827908944628159187395330267454247844726155430804665034430481958739171866177839124133047285177846187283666612184182332432171417392942250917294265447008514105673496854384136512165872254768042300813
338 32568638747715889
339 143754281108194458991709186789569409913951973611327719437864724479761632255341735309421069925862411
340 20685168753854568090673
341 59037549735178483091288900723769990619
342 113952024318571614748027
343 828193186907476686751
344 88384895292551414671008592145062212466141
345 1249681052857364474180869399
346 5617716721374756574721267170828168081956167582961260528045552202761475684558234950232184124776996716175586563173804271619221618000729354566789650647
347 473010850858345142161
348 1694138233865398536856894688617
349 4236578300752020626719365883028543992747474366563841
350 502272581349909643
351 30025862981204430613
352 209912867776582243
353 7723078546431502929355884830208463797622381129
354 1032020490609854069541549701683658832712855204830619909
355 77873520946009594680991079812634767119398652982555531276388223091
356 50470897497269018290561355621326494937093804781877473821866437824859041
357 1795137212665595084841919
358 248670579853422419418782329
359 229731330595505631891216865690135452258660579779294905148342760307516409682823535026031581138717608814051160684447886914944305899921705382464238884428428856624055296703934463168381582793886606327904757881
360 440704794267829
361 3479354362943292493258872000968193499
362 32385018973097918076709735707657394187028996838422657653337527384031557787816997399333445274698555446405737594970910038834760402672222583935983544839476247
363 435795577785974051782591
364 1455973977260067474937
365 7271997710968081
366 207592336736849010709248928268398655644626243961628209
367 26292143716270823449775786582964324755899836560645433391181908543431911173545940328732079144953960800199828214321719629027083812322806549401507125598706453625264906128528844154426283456400677652120723202471064717445792641226294693716368790233990531559636435579334797745340065995530848901529305722143672865521437
368 71119082532220989721
369 12041406032686265539845075708676429387279
370 44608553881583964493606124526322728829
371 13695949621359071256376328132809
372 83012773459404528305987839742233
373 3390652883325654390773843225732042680842369621543552754130121367683311990834291227558721809125848029702744152503060757600382005361
374 2698469154260108485166844661
375 317764286160146917
376 212212133597415946625091629740294372131204541
377 203619304188676809029139269843206702339
378 10974271844144791
379 363917112306871924065112261150491632883443857024853497496464176984956664741370313657589059627170281358061600505289902797563043253857948372630054787659675098719479195431272751553984184703076741114025296569226479646425131096305497688790590460461586939631582363997507756126499112856436462101402488618323281516672860139227837
380 1013573268938873836442977
381 97497470268398595011592122879004682333412192220082845471919960359844687139269785916151561864343705004803778939
382 90001228056974987247905611343889430205668303082336986669257423351377101182507624063928958945890009
383 329285524216765962308281
384 178095277928113
385 5508287650318148268391
386 448250348616482376794909001042490967853936254155528996405545412713583012588603279833644302011919044633524577226235379087845982115408640649256277242533252177144614647
387 590028895601627011452408709725145039976671
388 83893635242991635990392528493325169
389 4620582790766648709321589221097492976449
390 163689382058824153987
391 49431537428561214652748826475293683971
392 532149708218369059
393 234091426114425026622832687032490242282522673520418911978079824823987093821386755984679900036289235716533873232539
394 1076249087028174186684576511503020813817300946227425120369714535925312813225236474880579969130617626165092509920191145189918203059096146198864321659322338477324219767447
395 448925351423077057426572057894956718124676474112489109257654104863219891
396 849975054767472361
397 11835936555592933558512202422925073133337959570153315394523238481
398 908612467909119888135790494389195557326475517445721
399 87961723420614159157254031
400 3919953170066479
401 14256779337794542761611873278911751367652811842118230105322703669320075996376209
402 5949392756288177349947195261815658122481900397662762482023109
403 2459412624315320942106472940761
404 24766386634196771939725967968000360120733604894012716694950836552466181506439958155427657
405 8286695065986883
406 1307737353984585070572155924367301
407 6945708688794013357207047881250815626334731
408 5263090274649387147331
409 35083104908527482809863068877359372803941835229515167321
410 23177531692058911965889
411 27540622190935989957149642796685444514296510017003764575309113310717257600992330454841605559369392292814493651934980811
412 1213552945075641825046572430432017645915946639806623118052590991070842893815557949615955193
413 1010395959525814179409
414 273598810388890447010012827
415 1077869768766808014881199511005791080217348214344086351327627505776590958291
416 10285730521052529907
417 7546583119090097324247862129
418 132224988558745315773175388389
419 1321473609934845058708833448869601
420 59827481989047409
421 7131140366182514222469625631902508493327602479768018321
422 729936962955179122331234861145827571893174565429759579134201495512207659747172688348183546979045049466930985856426054240146629373700540215527511269817542929079300037929292519746503
423 42025327995228388881774213601
424 1832042435246642722656743281
425 3834583040072661690106111
426 8516932224604148242080248112659360017113471053644167769
427 46590365302680453610601091950308452133370355411393529865371
428 16134990686621532153105769
429 21353983311512728537346959
430 5248151755614471838708266944397342724003021
431 11094019280630723551081135719855080636454049
432 602596351345807
433 649585454571596852350664419700499225055668430513994177900846220498261162051286430824216238007108515023040193646991999197233152355136967999117729603761
434 7983061574196661921497230771452201
435 147023726187616073022905103922951
436 1392486099828953040225402102854711929064077605468967402850264484051169
437 8353929825426845276314551674324632591099
438 404410877594463734449
439 184877848549127564948078415628491630795143320684941024748891051578902025077478452444837888032157216114757124530278058848376170677794972112912932160142494924534751853549291387789630492566188703627553725052761916043936785097915206115748035827226939787016606404403069337117736708920930162483926835219297180419161944827693870477816880489889380300765522146521392749899198959837
440 7560304434510675211
441 7289213445130683157
442 456041287069958333993196747709
443 106897348237040045719287615874394468123902518151971629929
444 9766369784725483350671163357833970217
445 126810300425646196142758241270320314796490800069367415147344048427110149651977859
446 22672590414378855769
447 84234534885374486226481228374539854102264346386065916737721
448 5857626880895881
449 32883975040883130086559563846874409
450 37850039625723871
451 16676646561794426070654121962883208318829689131
452 543606944750905454002975650272898951186248401
453 18678685410509965904203834574890720330557669335248802450267118303628186174359320312764319552048310743510383467339346540390270100539
454 24257944410074884946128348213012715632320368588631745653552864940672817347090602849436309899720012138592093989210953585545133044953894131834012102408743463733429612555999904162822100483917855303
455 269906094865589265151159
456 257891423457819970219219
457 273824815826923569868458301606229023058569385112103426177123915448947432989348601
458 5237970063614962240245093177845328938071223389446609866521
459 72092097017871837901813
460 2433589418722236081299587777
461 672801496797600397730598824729235019366140244884876326455127907840269288472209829588443716267481650087513602161331078653772959829843640185784656341065657706074648814183903565937053663830057511702576368971954621088546389645241213438319890494339243218745606462681
462 564561338121250653547
463 9870002292702722982633690584711212807681
464 5603688004324010544988190123887
465 7204162583193187578122350092224599
466 369782572835414768888145244321
467 1615396393811038554951167778174893281498102727968588059818762106724486561621775800841853362758223441860120158789355919847708876551454580086068959874898644152285231802855552461814865846855968085597885861901663045233599881538224153465406057076908522968208201116897081
468 41648777683606145689
469 5481309887495052686833607866861839085038888943795037395131032779
470 12600812365230346884738548933498019880331253421
471 2197528659861086978663676933901318356169779239622686359471476201303552475227199675476409430978931710663253104549006781130374887058312811
472 2937289088658815428695179920176567446951972506056379741
473 1595863298638078561
474 82347253811333661421442211803216912792100418328326404656729451187927909
475 187894568963560422815199439
476 3495793519401422007323737
477 166668559202264594865145001929379066728525094916079
478 1057793787229228551899479135650217676020513373125346084965610388541076131747756612024185318496440538195331360006486710908697768751399337815699292268362572538331598689
479 22892111121803901606826308443910812689
480 1554064274523397
481 1173824768406188257367991091931387840850569539
482 23215933336073359916722407746787637705081109899916078073926933209083553730601135333738496107841
483 211196097932894596136566928431
484 848654546214791574523993
485 391170017135636434153364307801157849
486 10316089776024487
487 2028568305756358823639020865678448213572016237220346393775514509373809690671323976627148616982963760551508574023833387379241
488 49509402016764894791041
489 258537049303997021952802927596556203285018357762369427505459703607161645158004814620124093145240336827821064497086098793207475087523443901339
490 84884066248134729667
491 1137580733467594635919397979592594247548974385095887825622419727245094132799455631353186309284209
492 23449053853125885524961463222159362491017
493 5815570946932798342681246685991826625504179
494 22346023066427958365666640637741
495 103558588649460179053
496 274580712211876516704421316070463
497 13160625039875621501087492488335275643178372354051884785709609702379
498 197715756401012121072882750539523807613833104406311697580807412302214909509
499 93921988629466063439625158344456055031543282039775540666690509819685598565698974786206047635088557071584349697159854102548174521718911644491658467193383383505371430141291788263445413707730963047725557383382553079211970701967758515050231842094158505010047415196623285741641414733024562835602897287753889956178164741495025167431191365917645323235124703448540019135298268926401001865033492785169636776197327168468442210691837
500 440769816286655401
501 89770079327085493410180420769
502 6898901713556934191115653334717612525740111495574466142509759474609
503 616241940014236692602594967280325104235141360545004204186329129
504 21594534919123621
505 1755217788236461546825095213732154554362959030714385115445386706637683895795115744112082659
506 317472197529547503171394107521989
507 3608823179645651122811636071
508 289347435838073193517884435007590889
509 2731331341055694720842474549001818788365087498615226669319429765115471012851492970879000328591385809
510 393018206323236793722787
511 644870626953905453553287131928428506515740245348542354499770875416571
512 1246666945496791
513 3532512753875720057188837
514 19273800031132896004901896281321409786296637269448346115757576722562314108787969
515 25673988794131777289281
516 1149003638803168390723111697885808762059833
517 1961990791348552432786386794811246575501994096573019
518 38740112638578298699606951369
519 338046183964289775364667013401163013761265463283148840982978214255841
520 370454917291023085339
521 4283596445759179155887212839367813898023039051205088447482829687118629879874797155724202868235536394681164225324736523572878328607543197680250337510471538303118886380937203328517733122019443476506678826273396797319157603805811216281288499405742252561733376357384138012601828081324420140906006681
522 32188626443442572200280999083723
523 29255845049175294222200322224521
524 558218016119013525023677946000553654673707913779460482409267274580276916035614571963467453932689715939426928477593
525 15570450021847198933
526 64325539449344327301818132384236942896624543206173692140839875601273730825305305739375176728937162421102601262187486544935589170605524793461385815145636495880440152643768471480471806792818065512476274647459212868246470480103
527 1110956930304563932681
528 2728867281095569159
529 238596589744016127936819910370385831434378539
530 1482472973956985080642605543477108540901091633727229
531 19608389321587227321289444331989517821544248891781778271
532 171293882450669678358863113
533 2818353268943258005940546611727262205882217463139
534 23261061024822675032103582718224436441959850900298164908684411249943281888824341
535 206499617568231464522425626800374251166247767004516694447034300649216872656399572179042412748691
536 55649253592633447630099489
537 41109605114109324172207120312417212864843456102969151784919121
538 1161195899734182656183871063600689475610861969
539 1988491841764851524889151
540 13661848622302699
541 2405822550861180701114530363605232773014771997132428647946049481
542 66107732895922557371918568018395676481
543 14178024356065586482376337315371953561
544 24696038981047124306707
545 13509662911365195605260321
546 27663505567941282023803
547 3447253332367804948876904304610257514913953377892678112062340092046031764689225222097703208748850936580173639316634709967924497389450969280132136420811112171525807969913267886394507043670322942724346011883922046185952871832171449885538923891330195532458212956439850291451139280871843802956096054947681751020630830466825606589266584833096036002215398718438183927899955015289734612395836068897347453130818072176975120424505870616741533428803060728568029054249517437
548 72500248000734932648002695305562968188160145926759199618317435697721
549 960811076757774138743182772267486373255668195697307135279
550 1205956467821133052843
551 982831490031642919913130689932618699710206251
552 619197307722225748496344819
553 100902812516543361705139886856001
554 373283587013274231735197346968969311005649
555 847562523750095325378516366000131847751
556 445900053537886669598383737026278273283690521899130026563043766530480650914680359459047241431849
557 153555507076641261094948593551774049188174362448326849
558 1577242695728686037813768955102427
559 138099310178219642291086783974635848088228655693811
560 192077705333257471
561 51270913930942061218170048559
562 104748583132237318379215063043250483093672111984136133363353324264838217696149258498409066374787648922805026216545907269584999831970051521781766798528208259124672832947718932813073371247505975850467553703597475514074514973740973962630296247
563 11757278587925435929
564 887847957377830860100436731614721
565 24294473507284863569598852567437230275457883540314384584999138437079715851152753267292160817470747459
566 3868766779584859371553646127020927344441
567 406048058233357267
568 40655861868490216249019921959532124663609583509782063893498994941
569 4730922459989335012846459394956391227484770141323095467454034300804436641637814077548657775153213657654800806568768736368319562300153328844190712239575776283353229540606545770201794401139997634482328855399944235403526704251971469954277675986000630215210570731967600829644488467133674007318232352038202659716747181809961881
570 19257892109838602892416563
571 388635613956392575999684442899223248527547858739528064157022873406533881439882921598177064437958382112599864373751371980673615577618793750849641
572 41584072764524787151675657
573 118923561877842263231302388031681277185738189877997488842287558475032227829629441588517876043978522045628969468184896492693831989802292417149624574549638332711836539
574 18100768299976443688606063542921447354214501
575 451134860081508575179293853039
576 2315238613065469
577 77698815926460816183327749269588243779879946165420242591686965809010955952902546264794602326012971540198603933899738933425565077254692893543593235374470494693379548484400870144713850031260952743279629459500031927314980508290665282367516179237131974217605829585387101507535591129516477811346959728662867423921429115740965423120140372229061428516184131853670204542190620727282693996427237036441875402716905452796851913069653365233814250572951945563631400778920887494162449404662604696972813
578 170756917159862596320121
579 5444371462970472551075768372638439278415179400550101661686804308342393595896094631479281
580 286309361523252352728815202376273
581 18290895763650437355024670001479496239276801
582 134095387856958781847745765757602949425046590429889761363748802658084281375976449821141
583 230826254611365845164885620022748348361234103467719112331
584 1992137231556020596201976176017074108516869591979321130781450752109
585 5074370843823548773597
586 1449855223031120885376791516526951021081510687696662177763811449587707956933362438639669889275707754128102646389546320719439714755834224743748541503635234614484825545991673166890971378922025866710091640943383885488870479466323793998228971738439434647
587 939199211142663078402227703030579995449
588 10110844456149012121
589 48158743011550503075743403806698316285800106299
590 174411462913065337752521899584538342728472529616374764621
591 13991238131366264426899494649539270579624912300956526564806288967029066571928074173447539598698029140146202628962484887468936639768249900585236181571190400205214856976811
592 15171143406277448386320491109961
593 8529581677038464091104869100004177644368853008137293075895427992401177929
594 26349226697791643191
595 648044533772279825627932759
596 909009808046795828932996659060615903056966639548999805272026165482690378971960643164354640680530036183393857908194258637517069257
597 685570668436946956918075237827424258401620702746869801675508159384424262024475634498929440336203427867163928819161759485977895348644245128676572896988329610055527991863739
598 53652801382493528035965604171216141
599 2726813426039038933874874961
600 74479110231263101
601 14885634832003328418003157594440062022210237767556541926452910214807121901686229519565270136348925715588665555406595749994453663294811514750136579342614683918637692148293855679488200563436521699351360935343913993880123287242614943978314284040126225178699745651569308410401438011222488851934103870435646701154437558945901566215015592791393449756764443103167618512458949910176682056866325403490329053055119384217403884268012470072282067521104549376330774388708163660991068026618604136060458048769007582388680013
602 886937646698845740741697113603150920356510549
603 113038462369475369648996709974497504327156107555592487158439071
604 95489679988812561404288380412579859201803888296007826360728175833494036179409
605 157322203580736632693515351
606 321963026244558035216437583584004681569536863622165317034360875182060359583719456020559541
607 1751280052350359585049653487828278856851012263115259601105258433861843084611483216747334466271314761513290913928030583391097479032971279898838818423079274948343805843554623826836107308087743341406988262682276137466002624620806405544104697203036810266048846376161477565175318780582314590941195386252883398744118424372426373363630369476314647970433579966644567150372282997982376467308266317395233722762881740433793349580247399091533912961790429129575939276057126746551938162263652158003376828979624973060445814849437
608 356327887837435969
609 24847009725707116340870962562978719
610 8546161682740201549873573079642378793695153951202363466429
611 131968465087086253786933909743765496900359889
612 99998715218338355799289
613 68345438313464371121881
614 983325264550339042837029051527343489842820357908665400203648480689624344690152827860033123775550103974058341620406961109360479751309935656146805421557499724262948266884166750215693816367007132488380846959010600052490877173814081179082916876341970858166655599303
615 2034997619523978876233817794766316566450151
616 1277691449432304110659
617 523271821627783809185843213137023445771633690323071526930873152903627894418854278641990505628018453563475379386764635409
618 4944237813310624723551854455944049
619 24239970173963642092295439770562565427190827201351287104570579014409233689303282705591189398867315201976280918341642349027760713882431233464386312201330171350871055970021623118756252408097445696389519972221414631055898700796375179356431786400373900267327302187179090932109783158768918274549918243382286336382345821294351618952864351927415009601982936812927454214632923045123376220517501500462052185281457391742868077423997047459187376935477868755497018859242714181884112567083349802088169417735649029401518456429528090155837
620 14029158714639365283711944916437377
621 8481563122055603857310397637
622 6171830703959165528500624629588375264665925862807438649701847705281174009883514202386589866485008477464649
623 20479525606569352282742790709110030524129616072537640675224922609755228207529
624 133714496773682888791
625 305371478999901187237
626 25640319259761406650106317443714148842810050825830504819612784492277766826523859653457534775772904224610293589951467135041
627 2512274782616160999690332379391
628 5240260650437976641428768073149297618558704340638713626431981710800778979387937687674514796949760233120065095463016170387817038369822857
629 33525609210449142818687193576652368122533116603379
630 1854651941660469679
631 31385718054103643132914140590354447390647104623470626609393751163536538944015402227646390588081
632 234372953155334267122566295132232751792901190626775151715306899534871741
633 70243283963069881427502973661074921
634 632859518398865541918725678952801939993924069638340201477928976578906799247996653441616468230455302492753975202607057949951299694177765255649638858635981798809
635 43916440728524700089414232673552270470503599201
636 324565088972831053158440266915106603629233079573417
637 97436100246477724719568399
638 118872074242252512393289441
639 271405348149110362527241100648768507889501814240977561667412209471
640 8726668618477537
641 885216940750928618601420747055860590534036752816477067442049
642 37878628074646008285178665271074566781974442468284127383775522604294219244665010281362809439109
643 63222498220715181367812837046579930911298649472477946949881340479776098762642202299975826073845415215537392436746910385631250766808288334584303011891734772814105389921384945604295989955769991080028136951739089500184758161
644 661973482656894584657755729
645 99714883356674964935457071943549511756057399
646 638224764800248918881804923254520701
647 416911534524549649558591771540837437465207067668811693887713326188662249747600980811461235941716602098119712873629942304841089711741070935123019525193052460779092651444653170380937070223317881598722735734660209185222214309374717272066193742672161143327563823493629941871467413354267061827641380483188117933143795034732389931867456720286085141525577015542792500329081
648 18680486891720017
649 27156478028772580317803628310056320436350831038873685846629819
650 59091866923235519589307
651 1217503476559648700702677165585957231
652 616511425263377513887453135037941715525813006971804019436096216294000846146011481017218991346342341666342538416128389429956286747171289303193
653 4557735511816098263710058221611481
654 1856052775657654405973754598282653772316747680945922241805000607610416742988585503786777662516341
655 215537960464332269677843190266369
656 77562255052647159813334070657911737470287
657 13298862059306407763834813931789656886585588897807900521703198264079
658 2129537289723928623520814769761165359775981828149
659 2403412031138658344325019403170391200336863168904233321735583670525726326007219881782892544418043809491842618893614765028890218811334637467868118081852434018951774096140788041265196403360453147158198425685904908571178206272897679504724465753950217231215883257239901382530577215972092112291048857850863345449105282760020316211619446368561943909951787904778105748689586477881
660 143645784255702829009
661 7562227905644881758508308920156394925450081900536265098601769412502642585598369354788470017286523588896591698884235885003171515067238646550483103275298986676450348694883536833706590853041929126495139046148226609291786125197158133165939401319009247027190561225277585564025331438337633196484105210408516923894882664873064382454497748738886812108526646434624842420853894589747921312145692779678132264129362353396118243373583815235167118111518031639215355957137429780681418769804229333587455351466181513785436999943373601301321818699956808171224449714487691548013
662 269700897469835276809
663 8664784454329208345870738206471
664 562729460525957575361281674612490837054755758694887139268451865783227050141
665 31754182154841711455768705191
666 238753602203777726259349441123201
667 28070650186793753435638925635165522682423200734811
668 2409395708087277726712406584136085981133325201317980887799536920115092843387579321
669 178767150041739625271011973924886787247466760058183488359188155663441866265370867432087318825898450955010999841096254143569922918986488090853180393353274758978040178441
670 1005447375812701972141075999246846222699441167205006859461905421
671 1330667423409856435572377787192759701381190720904810606484861131
672 76149149451646453
673 875080755437630312932701494776325438546022263231994408872149586451448115149071451637108164045318626475348366271659212796931805544244996946199318934002819308638519685783979843786823296390423733635877618709981414190300780269129597361
674 22163502754135080388761925977284327569647252384415424686852901267617301582962664336153750397730269947935024560511275081630709049796953185288635654179157216044265457378943358527898418379077558389665631499464316211256930465902767428591043493161768007796440233298593731151572840592803715447
675 1400451466151783227
676 7027708297204689028633186033
677 316856284674094095342428317294780958057764093489
678 4456382714354028228742984790476651707332511181951159302573806458872610599915593794592053167701734741
679 33299680881112031966084755556894984597755101827842293346861389619877992681
680 889462256415746427898939
681 315353277330973504299668526769165303220164791652212693496187244228746625512177837042672028696360157801697221859742396612086729584400623713842157331313665028534584963227998754116687306290932118939
682 1830164041790532975829955922436869709189
683 8367088940833267219685929
684 4899937045698579434165161
685 33534367819757686279817242413781838303049227999006876426270511500016241
686 30643147915576637409787
687 15452310589217701710683757811689099857788074790958421981313174967208584650096714015090929406121647732283163871127377433992249749635630561978265709234369586398194663198171938951717678008255673828011
688 970990517104307426412049
689 2667407589661258002367081
690 46238198955722485544692167763
691 170447628121099015281780205568653621684171618223481481616494100886349399339464172239009621317323634892227763626823509140596865563014519330686814437660962688587930437812113999901124104209318702211515278827195591574263821735158529264454895471740290289214905582464197639122400789682417708950359550669078918179986632326218565659930453412659483145084625668683396956126485605515098570344753329089439230246578012127173885354643465899012361285876988182814386721302617709913191593683324979265701605876471083422911219292706108801966862920807282978407838143760988243521202160871425333272261674237
692 174149218362617453816359282295673210540641195071799076369412118285605746221305283457197707868086898201443183458387932420195870158022609991570479170057
693 17501401481758770259957
694 790750039987356820988912078196573814050137998979240810093190024077164113601685929
695 228063892363140932835156191999352166022889399450808174448134767326049610193817488496543335637137937576796821931673576095891
696 72847944056212137084846471610531
697 80494987714288391907667951777542335862202012964712979
698 223329040078988814921792852858962569
699 4185877985142992074957528723895320278011067892098882642975834448348817162533472098889366268677747088177889213549215001
700 21597720998046114649
701 1105537176093430163547207709766685572085121775862337325435538224305027143747544987164962164650878108900391234862965587981937465010456710160323139527301730729980802161396300124618683671793132940206200162795637941596531165409448548113021876719679340264357079257126356296514290698734370765168481761434072045444239103479075225008321118042888121526423684260612634630343534934825015674019173585940638681
702 1291112108191790516359
703 5665827956565905136358135714454250212708096705971051
704 14064162141031010281
705 239415434939376590810032429736462377726293814999
706 1321700085456737129353203346317660704560310235183566826402577309204218510079884731444209
707 296631806211962001413441091120734119687340076190731084510270353421768578389374560754941969371
708 38184758152564600573037338962295376810375642578732936633
709 434418737596459381223076035985187596721591616332551908288051754349237154381638442400388874400652408451281
710 15525957949030610671778987547444266944830440580961
711 104454424337544422859956281037740310929
712 66204558301418382783679427736484934488654960254694777047794093557530879222038509
713 5824731637870373107271182609
714 66420076868627018139151003
715 7708787975456095001982252199
716 5166725335270202440819495059810751068584277942398449
717 4364895281314607005933120448112573592914551015806603197818512445842811783973647165494600041635634567466972053004509851383941812098512402266820538804140148275857050637374754800199250073083845520230190399739
718 4004940960307691201940289994867684109759911689
719 15302057565691678102893302832482147705093158918769760360495486974619439324710481606018100085231453802134069383001350581837830453631619793506647329163378635618031663932247745203639291311857975684967576614147379819650052325779414113464802403673097517225169597615405623446709012761985392970715083213139356807919237062168638483223870209665037525558620724259682808127863336326489858623425975583677435721090821881
720 29527221215944543
721 14534958504386138069258613464915971864679663733345823141003247317666660341079353476992156499179
722 107859985251242067291025032030013998469
723 2881885228284994953660500308494244561
724 1003935588166035460378001806937379219797898901991102387253463348904978291422326919379336803515655218838577865444098211203877572482838900102015489890023763657
725 6547079035919732480233574781361
726 16124436378081039915955867
727 451981233092333549392625602083272227338428934619606420983319692301601286305737159250061968497767613248089049545853190820290876073743972905709885207559176863444129686195875860178729444466089216160439191258509834371976333429655848711367146381345322305802230804788294510281251184419993837043865682648611143987691980420491144933441940819131932825801908051675690555163779784730842800216660966255128820321259888996907379794286610533555442317912226243727121604042768071409356914019842663905663367585225264878084298876368699708526970542911914224519168722558982397586074857073165176807774423853232444641644034904457601513437
728 62606881022182901422291
729 443591860369052941
730 118289878316988574320425450235392211254366553880501852008833710875229
731 3944254398000131203475729637099574457247898635270935971
732 10561360062752281214214316323052081
733 167649048684177504482779524305774283858740998993135094976162829197062862178031435667966039302038417674707448111464908769505739648345673250632397141236137392001219038133879260403129690499562675219056386060663915601002549651974388179689950047860601995761
734 4912203936775943417103255624334567862415348797485019122603734368536071258002091477782357769759566399728600225444635877070942026662945434125441
735 2631406053692176619677
736 2905464290081213127559771843
737 156551691696746199788654674285440986107795707123730063042337427201019
738 445532023209391824974267801221027887329323
739 14264236041395648519354272910495671402680655995900617021867109256484953611079315209203269142552135450090800343767894681946671708423652351486518749573913945619296870999098989870223070441
740 1650516493618606686263426607473940966673
741 424574438262131208947666172117079
742 250537932598730478628600336847631343412284486099901701
743 3831667780030026624961
744 3569549258754394717157477108916019
745 64422404783187433424703021288908810936005022809327502328472305985982927825851533323615714373391112564352138897558154394407258101859
746 250051875757636808520662357278370237220389074726985810928482584345201
747 3756599371619230300384772260250952344662828983719922254035340833742083280671
748 99843358707624013951173252457
749 34898435369031117504289930929263248447095872623763321361548796809717651478931527698258167754528779
750 13663864304886317431
751 93030951454472542632524517087748712649184685441908702066653713142654280801124747860921
752 9125121744688885704878940078832658001641795263
753 196242107055076868895074209748516521378235672761
754 6312198429848981079903317365139407772509
755 3156697834376184237810448043156531735864246117657047614095142993313163463466725132857170004296164515653254805980349565325955646991091
756 669430582492832251
757 155496693353899666531275020490926464230815938859111453559436817850567103492388358769679744641
758 33349137976492769389676809060910936532896221583573317193462347426115994020107199138129570521
759 6031971753061402560256488042917791
760 43583650564371574967048011
761 111873518569015184807160718201
762 3022421578320356445359355809249145152335777958822568209629518771155185301317363363400698417794654855148917147109
763 1890907192965001368728478637202163746643711643590226161814081
764 283586955247162320013105694537086122519837222016763242623916485594307620209116360711081089027948783339576773347210137790269907052605466533202950908541445254928225593
765 12183564396020340605406397
766 16601534746327190303926356241424277800509825313616791702291199289876738088836572338745555311131881065273412153450820075722028470197745746811010469358246718328483921416379231653141204521969657852880720004191542774990268055482360499064937946215797134599053155863202306326734763029397774964603880128279289779509099206691434696103
767 4589444786862566073708813184399518153743290445569652908080439411
768 14069526956320927
769 1366192652500909365164052332657487303005598902655744053134924029696246240721
770 203806643061771485930467
771 191966033643115522990117364919143764104123208772247080528279885742062272085421481
772 13895760807110953680642179032317220003472023878821398888571907794121073390246701674842973362369490383639261894013296751723225445577667860126944594518530817491483054057
773 1634107760848145700094163643984635890111914857595092542479655023879683706985252757768348955529
774 36425915318472153575555499155016361
775 2600702692532740715702168383293080239
776 37277825035622496222941349101413684934537887834887361
777 143238066513766109988969265854022282269919
778 273001990554065515786747354511556964573179361026691382109370796036438228914080110342273218306139761674360306835401150454262800137195824034545654218857870861736204174682588366046712328118658606466042710661381054644478379979959881935653623645997540381627185988755606689
779 13603652923714738232395883850404654760712140191036493451
780 7038643428529438621441
781 375880611763887625692559872959343807644817492804075881364652162709646619
782 1532377660285397654235213620734104203101
783 997847419746719738208710971595413
784 32461132201320512599
785 371382343516523699394161401829322802192692691496233994750679478020300368313396745155513193835439459102089774668782146011033355912854865059
786 7256834209547175825307813298007197510758202879132986271320474569543599908462989435525076901124966307212550070208709
787 11698926507985108586708122615036849
788 576106650808346360521
789 223367314442188574860691365527684659070692429746022793662035565255512928203500519614071321
790 13916685894115388780223733794743658261864970697487162386987277250759816621
791 5414296551594435257036240664658390588344390649
792 51848478340815814021
793 224882794556265737611731846035576389533421231832912992495941531139
794 4533335205136306430799578297037330797253192241
795 28166986505182716532209505326065062277120741040817351
796 3945284839626672033134218752739019494515438624855160004674299407465410737409
797 607860068969204046959972774291675052467871715645235126401
798 3254583766562723888818399147
799 9470154809598315019545226858676078271852204623285517266371
800 262636862394454093
801 441960159471630825609968071646264292397237167105665133265003813748922355887662479
802 23228075933612988345202042466297493738857116005503341589909767907286546641653276262369054461486335835881023332803632994329086584175960235824276153760148934585201988189630986757895189557567910536938009
803 18418149976430493658935433775007846574596057147399718186867955972772684331
804 220127531982662561948046224687179350531830314713522211834855033
805 76241791353774949205300661163591
806 309297723062600072915262550891830980852941
807 98381860078786839915510818939350197232984751487620673186809716819985291052262470894112752170775466881843899166636242858826652694323402023537201536958896845349892745739027319715678358765787283663205176067986076151572277071677292011
808 141212376185964752729364515116217983489
809 61643247094710397271563681
810 505488399025199863
811 43990182513896103374500764724392019642035395457639637025025975494275483292998530537471201357014336370288065937864612227621665141073818178911797905909561221819300882163100255752959373909305213973136730178522449880998182698098241651169890425640253725211268208258847130769020874340304989198948172750708563327300178641388319455319976867369027432506619308350295615290921836055530612009965718667874583745319518805986248715348564083378941692975948897931535817140360250009796899628021654589878302801517715945388570530986003781922470594231489082809608661862992514769770517416970653791092327112217168082927684516240025498812785628768592858630107951649639860989702497264765062997358034986313938237
812 48386282097429647611169769201590137
813 47578535338111063894190401
814 215316969352614414073418484318775284416376661
815 43692761332375496710023694763817998355168102461840433248422689909610318031702813670800971741545616923901759900007550696052063289791462019326291
816 321048506753612615987191
817 666578993262022173387398308669828083274894869360788179099
818 192251143956023493470378258551148427835776671081205042530188933904420908443108001698688486269031321
819 857568672606179742737893
820 3962890101178274653718487284544932260981873
821 44814293320781464335399755959933347693881393912604815456810421196598412940959927887270141713735062175542257311116251229583018466062862600641717773470544458229835503608872482523128591567714198255416498154490986600417387333818228848512006010587292541921956768433718053788864810651333969438429248714319862763268200796068732885660465602830248468028800183339696391062699415198766549961145868895665516890700634938300676565518576318017639934574439789471384377705243726681
822 230886558272653682712724844219115354207946214548820744979802161018665614681849
823 471177299039239562217073177606188167829143850299161
824 29785143379490998301038665940292077570925714066616521193649
825 37384650502455124638133
826 29475537232308042080176201029786979921111857505167335220949
827 18673798310601215478349483108719755294493918769
828 11764748846722289221430551561
829 71634211380190873859948821785308769085939500609563906216709477662864867020852761516865041414997114473601058914043691041654476825531446109271267060871323637551936738392647897006808982212545764273203266919454557610274058609578237185857626539178682164797674211807408292229769769514105335560761679716751880839221032972942846701896038376325807506679042331118576061577436521143035390361681465956504977857041236429507622980488758504440495177460508664797137797896737141773896503823884282014027974256974751789193460665814197026541650072726758018051690711181597758744817307211143128995157857725352399450064873497905052278019662450701572840477103181591015284260284385329012386527667486089796951531003547242938413
830 1441499303419500431396722877900706021898336158375202529826327330715799070001
831 801935658802498708669558468881070304813429786259057701954892792442679853891176845884272836382461344717672167199958163424284771078811629401
832 689143944910519503769
833 233944076691793017051683725999
834 41834205108031768744910307408165190217216398715828718389894543118979514295907349960904398844682106892785215857289235851909
835 104906319959033567600766891127927014050758614010878880229462878472974373594118455623593133151451026234288125519918129221221003958789300308402424691
836 4892324576673576683607489370393
837 48894523567589267172226837608175237
838 222463340345139446029536783188197362628886031156746517711264815569
839 2623886893386173203530648895518081113676344458182409
840 3649476401331891949
841 135491666957467770226922887006147661373224447115592348099
842 1589398331859203897763271505329
843 1361731580719085138929795819562256280217737455793769733723593215442896830049940360479317862872239435996465340815096794504604997815610669783162968380866707368620746828320346126569953826217577686056078198146767181682968694658632661514193851211
844 22628045851610552792268280695520654728688411528322546953160246360878437452162353338793689956350396533474860561549207681444545510584716746681352849364343830801458301175808068112141593
845 1302785167852080055335000621631
846 52416396998561738816397632545852709916407521627
847 56793315492645924402359041711
848 1073561448140902714293302421334583381235155570896687
849 66724847455235171807559995158550557730669135333894716952456067556701944672447077663486575280739732363826801699939742930725644892964922819374985450662468661062416594587696960201927737484661306616747831709191591902465466038273000414195498709339
850 141879572482688482533926107
851 17460066504034362481
852 528526204290372811237258985473917620626924585627166830615486934233
853 404938553633589215523150570064338365655721
854 1444301324383094061928633850459562016134481017753199425826501
855 596994655404996689664913453
856 160731199374079485902185592884820723711305705298545632107270677169733673974584929
857 8585577497845205742362967305328963009787072564581621209631450802957461834675459217182720042143737983515217733603316697418017543747171736402916404388206584254978232966682345892283657748101491603520940959748917670826736705010485840685239231358385669787493950519001711188348075076572807346832616311848101356670932846897402872107385739266613388730124299518888495941729025061451223741413476370166719481128779427673495523718055348945078880886776558171571438857329612129504813829787026333081
858 24672703231160637974999041
859 2152274391517153217797505007332073205990176964317417904384738719683222780160837391160164356368421639841
860 194181614957735458032205876942701680788111777
861 343914597699552430083515207315507499730075519
862 609332242766649487816403358405839331679918021977494014143581015198814057323416818109058729453278110758790349584536069522460054194083103674410566998359076673446366182880646941325984948787926134644287075304503382655324774759855356013019821623905466286401824049721459145812144681056236474978860479167736480056133238896916569900421667514264278283768151022716389038942503
863 13985180662526765830558109444209
864 43989533648243911
865 1784869850605135525202219458595801689
866 29857279895565824903003764561886127252315983076897206693035469744741888808847424087343877743210627427180727129642267406600542655510072080046117782919594756998871942961151700124973262490608380597570066689920665750110913963232912444637971259571367848033689378436351498144795089371755587273964163479219087522750528705948911925120661708198949635904639400113103062908182647
867 247474908800096519566414153915018231
868 2370927822774052732947318690877916713
869 2166876926577071148480094848195898141654651527334429444966828152240733538857819
870 5439877868941794701847488845149187
871 26457235896750107764282639954239526652217474503910380654155025196972211
872 3461039827510220535783531629839595158577905116258861274113011921048633567072401
873 2547812369282216855107169549394456039075885218167905465911227250503601346143552546601679
874 258971824588232203565751101904063610324069
875 14963202470995158174613
876 25897784010228267750625690288221963410719304695731174700158859777417
877 2629216837242626867054078539930482998753246966622412191324265933687944089770649981797178312979320961160068130537080269478443953129814724408197715887811370140774125251095466002655687847545778592619160950787198460998433433826558803215819860545880768877876948592004145731463130507271998371332483801498817916582583235317658452538086545022166731412994115504452007778663235099041933072819388397732492531367352343354988950766829128153424992098471808279195320502922019091242744507460883520917213826973152448688790676278082624175312869894390338152974134578981427951702864842578616660911879974365055165834947797822665859607880587736198749906635983649253775688878413308509714997826464285368011153933491999919202446172351129094210565174370245995595312813
878 187751721221471304623089
879 90817620203324003188810525043748848898073691751300674332378061361185906305081489759334245140034128394000963219493815121009795064901535317297615865920689309773851124078522178744621903310058976213352898408349464300854441
880 461178570505151187871
881 285323900885818401621673563105974594759525756781387816804453352960413130944814327375464377936654413069617684023849207851306951936121906949789340889722549096011652365925303209329281240677278240331756903306600090144291237266624179120161452749139987298018737229647789247376482089248740658151721697171711206864140525196762127356151276111284638556733262571277786193695170945740248621040410655599262230769322630875747230377286196952945425107454458915345575928630178131400788811246415623295957543679270681
882 313436178140619375751
883 85169381663763561978354724864254485401758616105653439178086355646309527058618911786971649608412202999335685000743857707248520059516955593196357460863039755660194122987418894813056290508246670440913289472248367307518465825195330359542865502653062775906377529166810810564536127757815503171609181822191761
884 16873527621588458357748279665233
885 3313817795348241417297916092106228511840978062711120527799
886 25357825510668227195328573491648046481
887 265833524495959024111090398341246141012873333718174004731319490373552264866633409295503252375262553662777849950287212861909796155596748111119487449852617603899082282559409
888 419953900743195784078860024386860719331
889 2784625248335732272126082621547252732124585621997786149523505987837524109384684355551204758407520558642200730276779
890 3931119313195032080425505479379929758691214802150389869567665501240414639211313629
891 974921387818290798067
892 313201281429538289600157765349185416327335038003991718142498464456833543423493831042284717572394992210060355545830721012869272966918249932050968419271573251035534356199915463993121663890651193
893 20089380546940674594465915529
894 11817127504608345776128956567788006739740566314136997468536340151274974926635488361136610328846890470384120152806525362287721900341
895 1452038503752982163561863047953536633242912368449277119681276482912598621629264148700726107520667883994967459105124272557550379687160673814435833632904679891
896 427606762305399313
897 1019403226267377032683346479253106679
898 10020092583360119303191455025554675953031499426214021465862681655432669548919456352825427604780087270668844004652514115400081136482110308583958258913075764213666178375346845555861259522004712530703007593120548165362239985868405421469858583521630182522609409928946125052107110894579236132636648632199038489889
899 6639091680915920741119221463301235407287997908664025056851
900 2308852417169156131
901 1114154243194432163734476394696381932605140021724917820871281779
902 516976043415627208190277780849379457883720363061
903 23864891575428043211262603054640839209641
904 12683550802392234189499264403664316397792531825553299553479295306022045553605920799992766708074168109
905 3504192333453736459118898009209422634141839334223367101911611201
906 579039247725808943030318871821612330247287749392712875958280667412473771405138929695693906113497633048821887487519742752098373116709
907 602158969875500426447498828882646382183810129
908 4876988311002835613498975881
909 2657057004491190290127532732543190981973363800906354439725696701067348913960923923655764681
910 9986525510026802810592883
911 22766640680554674605645495341767625139063159420498374814368359640203960099949281817715348061527091899672781881064397584084267227428626638684904639500030574328469475966210109748869395005140663438290847414869589787058034120070483272073361063639478533458635002890099208347279144147570089682235540021287484183673539516841542853727194803192090423615636539566379372954839678973770894075007462126138038395917462625639313544543216188189940868503275578684487210588742647705175196109427478054043898776735124649785795593042681
912 15731376830927018183372359
913 26172589528265310685928973005308231515925812679560071062212594286877281
914 770257301496920606566999839452340289
915 162377071972063829447597888513205197080207925072844905862151
916 36847817558903750233168960935566315045494639886131621647746801844882009550230625728293754737674698438521390769611438496443057095284965186255864383558881321411079581472563854423326770635071222205257
917 6299952431020201861677087998138912753936903044095964009
918 3099960171768489029777959
919 26650672070270676599867896684120961198069901838696646157973341419960998064918595193161049864927482972994633308035289757271185941964201254331557848439001
920 104644345005056151495882274411
921 1257032764145547542993366306702130907311390343192097298739413680611775123122109625467885657537750834043076217391651496933093142627454585112560964392782569024470329768187511951652569397869778842017044918035740711762622987577309641
922 151492866375009951606738170028788159855201960420509631753861242659918638003824039611023646908064663529
923 63084926205243345163248351637755813559954681
924 24276137539213778102521
925 305970071073784412461644408126047597038111
926 672963391720602733072660317353891835761295413493877845233563779892849637369152428671844459948312692439285985403400703926466915554374058662933381956836346518105764939817694626205587087561898115013545737132512763602796659814164688243597720746929403294229471883042346766852642273282063388274153508706223972813909043222453121300679243994966017652966712618192421682520974073676842911811242050840103
927 299747577433683530786503390316708358541238820032235910158989974794498194772442813555140932671
928 341824968263764643244279597557107
929 315119612261527347199840717017313350553480753617566732359417527187320037960942675172685462185275097625691651938441350537360889280471606035037022058617292227561323727610281100543831281305266794053063759638878390203726683110352877331633613223204860703475254928433328182117427181063995937569148937163969722372970495676826571046387236575056395124825778178568056904790227999586603890866727519506006678408658946092657285006511961616969435900161212293821461245170155284364493463372083547427146202430563437382219739933583865172025881
930 266554015578147940390526953412310163
931 11463259757897857835532502573951
932 313817835516057342720484712569
933 30692531482409732544072187785322972348463951831403173136556480027765244670813740215995213892406245395342283016997762477106468654477637021635310237623074238893419404254255496774482451090263393626359831376131597859438397749226258915842715084461261936395955821221044539
934 1615785103521167162107457421966694297662870287798800706405786635522731979323334981241098548335898774546725650953565090127447064246052114849703050078364067989971941620502284797519614597236117374147523314855163145410314780213809416472878127513377497309444961991184674587213194098150234195246242574403643758726195612777109944242930864831913408384773076996280004459732858750898099831258792164067087303
935 18508799929070084099759387529799
936 2540575438699974887029
937 1335699629943946777609937339319576460230155614557563052766852667623581996455835027456434503749554829340413340429852896384225125341921555320980599975989214335889639012675947610594321750817611303240516383591979971995672512268710452008188850587305724782606452487970084841496740034752726251876907780430580016635416678944208553328010588789850354073220318548404722453556077184967408363238111828350801285151497987171231316284417792060680999713888683895500214238286410318080618742395723419453662748664051889727592337199965739564008139824629691062929348922361387751945775165908965240134390392522718298378924777404680359190181491778680894035561257939979662224243425503654754870995414254369010332561229890013116810216935142814295028870048393934059482608017557529287021583752689157604598884904433118980813
938 11298744722996343927769
939 1503934042638076894659537201480825645074733639738755483691267521360496988869873270583765480727906024371771867832890361378216964069404214060130201643530637705777550808458519341949640103422906287691631737430448295112481489712086686876293039138601834883401835239831182411
940 466230057513522834735326310539426735572256376577
941 77880518261100990990400303761121
942 68123388455693696338573984950940869041263156428303277143615762240410126732043189939768692360346883030560846241019210215041621498807697141
943 1396624807430134233130866251854554771343201
944 636986574998533713555056677956394994328129215464201
945 68622121841437378123
946 25331826127365733201323611261619593436302297789989
947 4361661055979561135508638505690402174422319421046660861369798350872922370919629987762391752543817699430511350748095105081927749115769739856672290981094198666621329553589794112969526053434019850416974331126547844322325921437510151603863363127729794655999902261136396348974541920310596532591856236430407356632519870162285450121076834896087157694449840857879138543712658400549893725710436412492968080478294118126446239040043215982362317533091301559114842911891193404656778793420182305706035211657912797057083031312262943065671489926049081
948 3046848391019345472593361836719025773307715478148076972298989693953332633
949 3112667346016753428360088307976326071106733657910552373580684559398583651939
950 6952099051651735644162379243
951 3610945636374022624077548820755462373824435469012751916342733318786553270276565722671620919227702364516624254666769757669098930730639517958372614146117061131571899491108904940021085888318397996747607801570506356565068056798720135189979586971783005555047806410834668968811
952 150319121334261146314920691
953 313064377031827888582222306564484034972586549218686016810334992715461290404195282576762665146407636770424934173129
954 6166736690483790010010365071387025468955428511894923
955 6379593867783347886596206090836201547718046485976157009781397779262704742420178340697490999081
956 3020519107640809466306620369
957 709655444775920949811615561761235193359
958 1919661675667412478827694982232059911985267695474531124733356044203115451640734180432841316766144352652930868480602721387436660474970916091778421114740423166719956597462377470629011912356175700146260097326779972455453627257618211391877298307163489721795778075339761421044014440820363768275511823254189455030604787215846422491489
959 8413565792622421238344474120111823744574556241470304411689778493601
960 113446692040207981
961 1122006494074790605249148427297908783831671646564220234607819
962 36388567820591835978407723849873023066367655709
963 164097397390627955063636281
964 270547754011290289231969758734546905014635917597336227969299899569263650166803416049
965 984806015910411781818415075290352656375097950379697205102983271731741878657161405794516531520186141059853496166039127855997622707552783506416041101845555033186718379459
966 7814255623517100057052976351947
967 30105788485458338917983976459848682662333369796406435604606467862263643479273520147369617101061584191539653311392174773954692887504555523062961711364041873099134654989431456925675842315302472095869806428862218016183747932999095741759196197978796236168167210378871586868704535518348042238801330787492690240782295515830574003582960454995491611796557599793942559974906781103542194251015442141001726382142072196390555496428363658159270652880627876858697068451101927342579182494487116054848495919122265438441052371519505732596057276668883243745253527703344332779276039427960133168734276748256896333592069367467127370347302755528806862061027399534627852039628957367829580910803657846793423861257570596496776963599699694023394582428049657686225341762699239036870740096301824680939334508317488487333890619415737982611798841437
968 36492145487236037704531699
969 12126270531204729458754293541835893319
970 22662120547826034132269034413034898452832873782651369670473547649216243552540020019772829
971 144950779041501335794093100201769738614183500710411771687241286005773778503773554407400582404312120178646328996935588157996069101193065484866559871214728442816156636267556811525028668008504050869588919575484381636027533458159441419267798740100600825635237597703387908163279020191995685176703972436209081681450029313952271568200192653138708019204754059657361162172319910376660517305594149624220224703176626555624726989722927597164383999984554337489292895825249835489556058153123236663696530279025962526261033500299794246991730660857640618804812586681
972 691178014993640629
973 38542797809370817649141396447890516057868308507186581481734775678102384122755155555915823722676311450478662906452834360205579
974 515973082546679026038268937891070088290665789738600031085966561
975 1831847874620301107268517
976 6188868109804124108260744091812027610727806070260792114287
977 37742607773349109721782992133164674161
978 339050915222501371303204200794039378357089
979 612089099387212890357630763787753528342534962192023263739936579044411114331513597621931
980 3650014848669793375681
981 1114445317449469249600924692600423963729102659900178911255213889024344356936880889841
982 135527126337622281765155381240900881513469633877780751630376881922812895307608886954442109348635967257286596256792929618704126312319165368769
983 751667569253418760485915758061326167969180304674065126361614317509822558260472873466807159016524735885790266949682729
984 1008309315684413077573342918552852587113731
985 368879606224285688627361716664713800166662558223278254987982234695309328435143518754000162227143548867256046648197146573644062664600227621767537457989842370526201
986 180282699354916748623118647265746625390629549
987 40461208504754643846895480625462141835743654734831
988 826802853457834459529665703596417
989 19038162626556615294117483093918959886414272363813471183246539
990 4453019311926787699279
991 100301493061524828526090580090703288386612693382703526888373565551945486409987420270886319820695131370697751755367315676023954936209008454956261024019514075189667387264169098964592532121021662014786043234011634543490325027321850780517770454601641
992 16749423444924467518969700280298243
993 2449026645392277410380921535284586000777008567836535125067681973319152058908402420505051085606282325588448004544420913575119360533114530584639593233508519482319874762439660862928536910029054722655128471071034269278447722094841235978916653869586516683981360087053170914928702561912539
994 407979376236144266533712267138393544938529542975608428356997900773749
995 268608318084205458721992884400601
996 7315482986837448479696661769962380881711824863033532810489874255181951651833
997 678564611393350193061150055017723643487913618327897552229297588412020731033983970687977887424643802549596837548592554351068628431101382463933061598301170153182089315371343461807628765550946868389976755998855465924726196989819916410641248753451902146213885528070980038074965443651172303094614127026257656763161097712186188087706652138334114382514005638962539975598590622541912097842762900657686115833554613141971141234675744033407821263760887608399106197066431901838108859420788303977164229631232974139759721952597439774031986411464959043300328027997200801252869126358707698270531370075797246432938604827732416470801826208697051328157726573255091495356713644182154171739307700427751841448384232532100033461011619027744612675297863303651653844668329217863625190998022413436292063774736611297953065264507045841231914633032395124083646689090648813
998 984379646800093055128829860921
999 5752391803203309693545315217764208457813
1000 26886958793485979461
