1 2
2 3
3 5
4 7
5 11
6 13
7 17
8 19
9 23
10 29
11 31
12 37
13 41
14 43
15 47
16 53
17 59
18 61
19 67
20 71
21 73
22 79
23 83
24 89
25 97
26 127
27 131
28 137
29 139
30 151
31 157
32 173
33 179
34 223
35 227
36 229
37 233
38 239
39 251
40 257
41 271
42 277
43 331
44 337
45 353
46 359
47 373
48 379
49 421
50 431
51 433
52 439
53 457
54 479
55 521
56 523
57 557
58 571
59 577
60 631
61 653
62 659
63 673
64 677
65 727
66 733
67 739
68 751
69 757
70 773
71 821
72 823
73 827
74 829
75 839
76 853
77 857
78 859
79 877
80 929
81 937
82 953
83 971
84 977
85 1117
86 1171
87 1193
88 1231
89 1237
90 1291
91 1297
92 1319
93 1373
94 1433
95 1439
96 1471
97 1531
98 1597
99 1613
100 1619
101 1733
102 1831
103 1973
104 1979
105 2111
106 2113
107 2131
108 2137
109 2179
110 2237
111 2239
112 2293
113 2297
114 2311
115 2371
116 2377
117 2411
118 2417
119 2437
120 2473
121 2477
122 2531
123 2539
124 2591
125 2593
126 2617
127 2671
128 2677
129 2711
130 2713
131 2719
132 2731
133 2791
134 2797
135 2833
136 2837
137 2897
138 2971
139 3119
140 3137
141 3191
142 3299
143 3313
144 3319
145 3371
146 3373
147 3413
148 3433
149 3533
150 3539
151 3593
152 3613
153 3617
154 3671
155 3673
156 3677
157 3719
158 3733
159 3739
160 3793
161 3797
162 3833
163 4111
164 4133
165 4139
166 4177
167 4231
168 4297
169 4373
170 4591
171 4597
172 4673
173 4679
174 4733
175 4793
176 4799
177 4831
178 4973
179 5113
180 5119
181 5171
182 5179
183 5197
184 5231
185 5233
186 5237
187 5297
188 5413
189 5417
190 5419
191 5431
192 5437
193 5471
194 5477
195 5479
196 5531
197 5591
198 5711
199 5717
200 5737
302 9973
303 11273
604 63313
796 99719
797 112913
906 177173
1208 333131
1510 531197
1812 697397
2114 887191
2325 998399
2326 1112731
2416 1382999
2718 2415197
3020 3257179
3322 4175737
3624 5267771
3926 6182179
4228 6943991
4530 8252371
4832 9163199
5134 9915713
5158 9997133
5159 11129191
5436 14883991
5738 18829799
6040 22871911
12975 99973919
12976 111239197
25693 999859739
25694 1111291913
25950 1196173919
38925 4732593991
51900 8581613317
58044 9999733399
58045 11121577913
64875 25332771371
77850 49459779337
90825 73532771371
103800 98457737113
104851 99998297939
104852 111112919131
116775 226813199377
129750 323821131779
142725 421741337393
155700 542246731771
168675 642474119113
181650 761635939111
194625 871296797377
207600 967166799191
212668 999995399399
212669 1111222777913
220575 1695527117971
233550 2568665333711
246525 3322112793133
259500 3971797779773
354568 9999982979333
354569 11111353919191
664397 99999897191993
664398 111112227779131
709136 235136457911119
1041739 999998953399913
1041740 1111149473137973
1063704 1377166733337991
1418272 5529428377193719
1772840 9526832417979733
1830517 9999996733319339
1830518 11112237511133797
2127408 39791681799177739
2481976 78683667399317399
2708433 99999928579913339
2708434 111115355913119197
2836544 186226923719317199
3191112 358976324113371113
3545680 555247913739137977
3900248 729566152311793919
4254816 919398694373393777
4455588 999999869777999399
4455589 1111128373377713737
4609384 2144649693713199137
4963952 3668634785773399913
5318520 5576533382373993917
5673088 7237133915139179971
6027656 9141392233717971317
6239453 9999996852379993313
6239454 11111271367119713197
6382224 15455283937137113917
6736792 25288495719339977791
7091360 33223373743337979193
9731754 99999981913393993979
9731755 111112349373993173191
13064499 999999892227397733333
13064500 1111115985113179379791
19463508 9996194743797791119399
19467873 9999999619437719393393
19467874 11111265238273913737979
25161035 99999976597511197997399
25161036 111111959167911131137919
29195262 454327313167339311177173
35815877 999999863221317337991399
35815878 1111112652382739137379797
38927016 4323256536835979979113737
44655900 9999999512457797719313993
44655901 11111161928159777773379131
48658770 33319515646123171739939993
58390524 87867319583111779793373197
60969263 99999998285329997171993939
60969264 111111321225757171391737373
68122278 624635656533157377373919179
73796822 999999995124577977193139933
73796823 1111112927648831133913313131
77854032 2747219333598831391993713199
87585786 6515536946882897719133113319
97303612 9999999953386791393733399931
97303613 11111156958538273719331319731
97317540 11237543264658579333393777997
107049294 62263833828335573911793313311
114588329 99999997313637397997117399933
114588330 111111129276488311339133131313
116781048 183976163267925937197371719739
126512802 461443997961236771119739719133
136244556 749248662689161731913119333397
145758260 999999995657552317713739999399
145758261 1111112171214125113713137797373
145976310 1239972288445433137797711739199
155708064 5399662944261252193399197331931
165439818 9325468229159485393393977397799
167418460 9999999812755255777177399999313
167418461 11111115882832529713117739791379
175171572 29379835642783579137371979171911
184903326 53282362334736429739313979131113
194635080 74892275864179719331311193193797
206093054 99999999588263273191771373339399
206093055 111111152925239523917713913737319
231740658 999999985171983151131797117339933
231740659 1111112253532545791377973977379191
277822730 9999999893179322833733373731933393
277822731 11111114396359726591191991919737373
306377535 99999992364616487739337173193333391
306377536 111111129344593666733199379199797979
357153989 999999998931793228337333737319333933
357153990 1111111394999827277371719977197379197
386827833 9999999894152981485937791131313319999
386827834 11111113849586422241137339771717913131
412186108 55799933915169172547133799917931399171
439560137 99999999968565749867793171379393313339
439560138 111111266846556973823779179333919319791
469220891 999999989433553385359113997311791939939
469220892 1111111359786295586299177933193971379731
522235982 9999999986237147629533399137137373333333
522235983 11111125117311395823531313391119111913731
550766960 99999995322142969928591739311919373199933
550766961 111111113597862955862991779331939713797313
600403454 999999997948315329214399919739711133393333
600403455 1111111423941135285467717771179797997379197
618279162 7418991621697634955685311377377393737313313
626091081 9999999931633765662952319917917331793993993
626091082 11111112489263236921337117393197979971313131
670562646 99999997646948313397979111397193931173391393
670562647 111111151839224226223659971319973319993137373
692848094 999999999266551257112151731991913133133339333
692848095 1111111316115835813832677913373717193199797373
731988873 9999999827949922118865419111197339937719399339
731988874 11111136121115526459258217199333779797719791919
750636172 99999999922125889827338273371779171919393333333
750636173 111111147224256538694383113393337731397373131373
782633362 999999953285812274237694193713977737773971339333
782633363 1111112873629663899869272777999193919973717313737
797244279 9999999872347562591691382999391371733737339973993
797244280 11111127711786183952581967997971797773313733919131
822408498 99999998978213564439538283719391139311179391333333
822408499 111111581865896873875492479399117177977913391973731
824372216 281426295192619126427528359719999911393999197371913
833556470 999999989686361848386591521731179391133911933939939
833556471 1111113162665826861816819733993911119773199111797919
853081760 9999999687787119438223984793739713719919331139333391
853081761 11111244388626565576415911279311991111397117973937373
861290422 99999985257526149565827338273371771797997391911999313
861290423 111111158653385357255859594793117773939711919379791919
875551825 999999952443982659482938921373179319379737373193993979
875551826 1111113343859848638259433643331919177733331373993137913
881249550 9999999514253267424246734222793973371131973713119913939
881249551 11111131134741269714713346571131797313791773139133131919
891333679 99999994348885275422682245417719191191917717113371399339
891333680 111111355917567531432437632557931139393719939973119319797
895245627 999999933845395356192724285251173977111137991993919399993
895245628 1111112498871566387626665796733333379933997977397991197979
902238421 9999999943488852754226822454177191911919177171133713993393
902238422 11111266238983172849833826246771113193793777937373793713737
904847551 99999913529895896991499239395219939939979337193797717139933
904847552 111112549683524482623255569454711911737797717977373371191913
909420355 999999952312681266353594359516199319999917939331779117933399
909420356 1111121589358869816763783849222799937939917779737131913991979
911059736 9999993232185447391623524558837377113713977999197931913333999
911059737 11111325729321925998111365489267779993173771313399199337113197
913986021 99999992222428942939294139395829739373739973317179911913399991
913986022 111111632494563623463839471981853919791913797139331331799379197
915001845 999999693319726811759559919598353731371373193791977173999799993
915001846 1111128928316373637789469535875471117799393997931197797177997379
916844734 9999998638769213831631927567928179793999377737733331317973999979
916844735 11111455816739623424673623275918773393731931391731799793311919731
917448893 99999893869797671291388127279374311993171331771937939793797973939
917448894 111112369775328563159834876248341339711391779139331719397937173137
918543785 999998826923733545522644978498187373993717733911133737799719793993
918543786 1111165784523997285414255962889325793197731733799119393193339991319
918889495 9999998938697976712913881272793743119931713317719379397937979739393
918889496 11111128881191652422764252656589859799791317799711917377737131313191
919523348 99999985966671368864832413984929679313337391397177799997933137937933
919523349 111128592296566913952295645219569277937393199377973777933139117193137
919719565 999999989386979767129138812727937431199317133177193793979379797393933
919719566 1111219452688991824677384657884529473139793737733739117971197173339731
920083619 9999998813698274131353974847422979677777997933191791391973939317939999
920083620 11112763857893261612258426836631968213373193197777113917397931919119197
920191295 99999684269887519211763537268461598297399777117973737771793131711319339
920191296 111113376765321255367495126868989269779313113199393113719997933371913137
920389888 999997997226328126322453395932332868337337139913393773393199177173199193
920389889 1111949548899713293532885676334976135973397193191117139973311317711739737
920446546 9999986396948965863792856333185686243371799133933137939379799993999739999
920446547 11111868729928695154996716223557679973911991937133737911399119997931997919
920551985 99999979972263281263224533959323328683373371399133937733931991771731991939
920551986 111126413256259638515532227525932363739793793197919191131391931191119911319
920581814 999995626951179932226387923284957183337799719931979973979173913719919719939
920581815 1112796239738738358219582191394734263793777337377937313919191171779719971313
920637665 9999984235857178469658295232526528338293911173179797911739391791711711139733
920637666 11114659823539213822234529812682297994219993779793197399113739913977139997373
920652764 99999673332685119811826838122166898684211371933397937371173917319137997933991
920652765 111291176836893795927153977775623323997333193719397313919777197733917373191979
920680932 999949568259345869553344438375169895917333793933933339139397973199913177379397
920680933 1112327386562529238195185397932681829757739193371391371991377773917371791191319
920688061 9999133762511814625597929516837829279213979391979331711137917771371317311319331
920688062 11132896643355752619953733164347256339961973397397993191137737911997971393177791
920701759 99998431288943356233919876863942378338547137933377739371111379319399373733113331
920701760 111798631563265892275145868571326283636673339713377137379191139797719937999791319
920705163 999991337625118146255979295168378292792139793919793317111379177713713173113193319
920705164 1113188428488971249267264383454759546634297133119731793339977119713197731771733791
920711791 9999871478324285272215957786333186867242539399973179931179373373911913793373777933
920711792 11184462681535435471932563931263281853242293917937991119997191973773379777173733313
920713294 99959466838426931232834333487127579254623593931971197139339371371177993393197173333
920713295 112336836636813741156996513296888922348895393733131971193333333739137111337339193113
920716443 999865682872632959641537892311887296499963731997733311793377197911337313117711733997
920716444 1188343588967712954678342373778385882223695399171117337373933331139371137973171777337
920717131 9992998623592385239837297453721893534779743179373393199117113333931911331377937331939
920717132 11263227653326758929532476327895917218328173373373119393133393711979971337993991913391
920718554 99965286858597329655882924656673688836362759119931737131937939971177311971771973777999
920718555 113495799496231165686351386519288968985534773779119119773777199397979191999917917193319
920718866 999868762382316493496746826335871842925432173993773333377739113931737999971973777797339
920718867 1124912238222332213546827885374227567653672477797377117719791719973913171317117317711197
920719512 9998321667168261418273742318622284652749647411999793739111319331193711319379997939973199
920719513 12482382157387611823537358967349637197653899377331119979731393937771391131171939997317933
920719644 99998687623823164934967468263358718429254321739937733333777391139317379999719737777973399
920719645 111967623542364166865782957244698559293861861979339919191119737111739913917339939131793973
920719964 998953798538515839851592146392655739631365654191313793797779733331777111197117777911739739
920719965 1689533827176778332399656143667332656323457682393111193793393393739333317399979919139719911
920720000 7821989562612222626643458638436922617512276927793977113191137371797173933791911399373799979
920720001 8132582615782167374759246698267759693136892333119173913973991797139777713799911737717791777
920720002 8679853894879527844817368227659265988184825245711113331919137731771197377371717113379131771
920720003 8828176786792552781668926755667258635743361825711373791931117197999133917737137399993737111
920720004 8833874383292448545821683815655695275762221285913773117991917311713117717991977113317333971
920720005 8998931656663335822888132354144889271162177213139791313113719737797931717797999991791797399
920720006 9319282379621185596627552393225334439531916585737117197913339113737373973377113979737117197
920720007 9343659295969598952829613883837372334983496213799719199333931191191173131179197393919713797
920720008 9723914286935534952898281986438566399226245693713397379391937717333177319717731733313731771
920720009 9732177698589333558363788895382469227553685927177319913739337791377173133179331737977317779
920720010 9816243716559328724423313742166815649412332327173797793179933777379339773337373319917113919
920720011 13527846869166625419116395998463386881725234131973177311779339913333977931379997131339171799
920720012 14324824299485397815695263895532126369414152729711319191993991173931199139771977731333799713
920720013 17448357363963953596923441518549451215425726259397913999937139193779711993331933399111373137
920720014 17838129989255976896123844351267492156583955889371379177117793339119911113339917371931171937
920720015 18218414963186839199553165395979983513398347619773393731713911911397717339399737133397933139
920720016 18389325368852429549751276218125188798162561247717971113337313311777197739331971113373997733
920720017 18614177166644913219751187321944628799674439859793731799177773371771971991177937391191373971
920720018 21378799882996888794993843366395258826843783917331799191771133739397173311771191371397719911
920720019 21695747988933353363478322698564232817663554811717799991777339317331913193379313373119179399
920720020 22143333877435699199472696424524528318649945367733337139997731931191339119779393379393917911
920720021 22639581732671799683339846125159793882835693829399119317119197397397133331331137719793193719
920720022 22656652238595624678426442883524286396437197723793739193977339173179113977331991373117797937
920720023 23563655358353643686663782152598786266692854811717771993739919737377113933311377979137937731
920720024 23955933213235898372229485918659635853121335923939333931173331971131991973979197911793971377
920720025 23962147253822287736775535582698824836718733631799713133137371917373173737131977173731331337
920720026 25198986547831796167484762257364281834493619613131379139991171377773911911113739113737337111
920720027 27155192265272237422447895737913589122566399867799739131991191179937713111911973173791111377
920720028 27829129989255976896123844351267492156583955889371379177117793339119911113339917371931197733
920720029 27928687723966526624819359543563546696371527437317137937937179393337797731997391939371777917
920720030 27983394422812358833938911438628865196458661819139977131119111133319333319717393177139993171
920720031 28242527778842542635725298563582398919155265829371171177377313773371711719133777719199713731
920720032 29277578476868956139989695751263213765186825929311733939397799793919933333399199117917131111
920720033 29498398322369985973529245371991576522897155689917733911133717979333313711311997371939797131
920720034 29816685433888239183992488688173436532383288247779777337313739771197979393999171997171797137
920720035 31212911222659621365756255888385419233283385353997917319993711717191177113933313791131793933
920720036 31998632224387565155395598224396528568556877213797777317717397917711199737391771331739793173
920720037 32223322688867382756841729789693316723164289429797139119997933791117191713391777311317917731
920720038 32277578476868956139989695751263213765186825929311733939397799793919933333399199117917131117
920720039 32563961673158359939574933989846591986528961283393919137113733391393397733977379937117939797
920720040 32656652238595624678426442883524286396437197723793739193977339173179113977331991373117797933
920720041 33244724584161954252656593832926799856983535679377973191397771319979997197799717797331797137
920720042 33732587893383997383696132897915687746375323417711917333799771933139339999393993999731197179
920720043 33752891936688468876131854159787669839976679271911311399793933933977733139793391193911117719
920720044 33862171284333132965851377841543351816823968119339379171139939331797391733173739391713713799
920720045 34323997218725321359236291569783492125682167883779997971331737333119179337991317779179131911
920720046 34374295319928528322327998899679711839961363637999117933773711991919993717971797791311713311
920720047 34485367317362749834594187869276745162115623123719139179399799931391799939977339931333371799
920720048 35316191635537931672255446592688624896211946817191713337931373739133111719319339911911793979
920720049 35369271768215523615413922228582663535374923161937919979313317713171317311997113377197191933
920720050 35483879268667946863545898232871683247456598779391977797111973131797193337737333999793317717
920720051 36275188962837482622913529593233829424862182379719337111931397319319739917937377371913399997
920720052 36932561474979347415595394481365942869353698883139791993919973311979377133737977997979771939
920720053 37155192265272237422447895737913589122566399867799739131991191179937713111911973173791111373
920720054 38218414963186839199553165395979983513398347619773393731713911911397717339399737133397933131
920720055 38365189753231916265654346967798581984789893771731793917999773311991339713191993917771117979
920720056 38688344892291956865892566343885354773862124143311319393733171197931793719119339197173931193
920720057 38936399369931385271518512331526922292924889937791997333171373793399913119779119993933139397
920720058 44825966386968619423581911893669497386239941819137373739399739991713377173337199313333731791
920720059 45357577328276569298885933895983291967852325631197771779171331973733911171793791111173399711
920720060 45716258379275169213169363346297124837321655619731337973799977377937393799931179737737117333
920720061 45996269873748943238327669361668583478816943741177933717331311979399777913171979193337397339
920720062 46228689443999928226438968665726938515775433637993317993373373931399311177113339731393117939
920720063 46593899751571552121967656222241399586692865873711733973791979771997177911331191191733793199
920720064 48242527778842542635725298563582398919155265829371171177377313773371711719133777719199713739
920720065 48688344892291956865892566343885354773862124143311319393733171197931793719119339197173931193
920720066 48936399369931385271518512331526922292924889937791997333171373793399913119779119993933139399
920720067 49716258379275169213169363346297124837321655619731337973799977377937393799931179737737117391
920720068 49765189753231916265654346967798581984789893771731793917999773311991339713191993917771117799
920720069 51373655358353643686663782152598786266692854811717771993739919737377113933311377979137939911
920720070 51695747988933353363478322698564232817663554811717799991777339317331913193379313373119179331
920720071 51695747988933353363478322698564232817663554811717799991777339317331913193379313373119179397
920720072 52233912159536198933232323656582399141385733161939771991939911199799977993131139797917339117
920720073 52816685433888239183992488688173436532383288247779777337313739771197979393999171997171797171
920720074 53429125676657721972435942144526181552635432631191717977111337937393393339911971797113333937
920720075 53498398322369985973529245371991576522897155689917733911133717979333313711311997371939797191
920720076 55173323581348965594677551253531296265693573479337179979979933791931397339317971991973399177
920720077 58389325368852429549751276218125188798162561247717971113337313311777197739331971113373997731
920720078 58523575297386311376369918717927255263676649353991137319111939937377933977337919933117137711
920720079 58692775954245585544291681789559351152453914283397917777917379117797917337177119937933177991
920720080 59688344892291956865892566343885354773862124143311319393733171197931793719119339197173931137
920720081 61188673529985336213725318637683968159121881747737991113393313933917717171739791733739931913
920720082 61765189753231916265654346967798581984789893771731793917999773311991339713191993917771117793
920720083 62286226321211897339365662871298159132859244319113731917113331337779313933993173391331911199
920720084 62369271768215523615413922228582663535374923161937919979313317713171317311997113377197191973
920720085 63282158829465455324143418981248929282291495383339911731131979993199117971771717171917311919
920720086 63583486537861512488198633857827767769727486689997131179799133737339799391999773193319331313
920720087 66165189753231916265654346967798581984789893771731793917999773311991339713191993917771117179
920720088 66362144963764545547861621649995327829871289143391173371117919317331971997179179333379113993
920720089 66373575581986191569417565996298432155979539859793197737373171937337173197933191399773917337
920720090 67247751296965944885296834619765214438317841631719991191791177111177979719191319133339313779
920720091 67448357363963953596923441518549451215425726259397913999937139193779711993331933399111373133
920720092 67862973189835562318451478733649917135794673129711933777131791973779193977197979777139939193
920720093 67928687723966526624819359543563546696371527437317137937937179393337797731997391939371777913
920720094 67958642533627267995913687941565917612281832831111331711391731719371939931913137999117137117
920720095 68143333877435699199472696424524528318649945367733337139997731931191339119779393379393917991
920720096 68159291621527768753446392762596856635775455143337971339737331979999339131379733737979131993
920720097 68238192385365647541373568383931726569281913613137337997931919799379777113113393377713177179
920720098 68768359651381433156371633551129732578725639543193731917719991731319979333339799991993779171
920720099 69335289325466399158461798929875254624597428173311193171337717197799913917139393931791799399
920720100 71461128299992323421796398965945188855266925319111939179111399937999391191119733973377311137
920720101 72563961673158359939574933989846591986528961283393919137113733391393397733977379937117939799
920720102 73429125676657721972435942144526181552635432631191717977111337937393393339911971797113333931
920720103 73483879268667946863545898232871683247456598779391977797111973131797193337737333999793317717
920720104 74374295319928528322327998899679711839961363637999117933773711991919993717971797791311713313
920720105 74465553738465362286169833226591328825711234437317937917371173179733173177139133993991319319
920720106 75414252551283554329831613454339977378727393823319377377391397377397179197339137131777397377
920720107 75483879268667946863545898232871683247456598779391977797111973131797193337737333999793317713
920720108 78379498253281749164367243235528365796132544437319791139319991773799717313331371773119991919
920720109 78483593223274889247917133269867248851181321283397311311779993799799737119731173971133931971
920720110 78574326863419573959124852353855688339885294367177737733317711397911737737191111993917919973
920720111 78775566798356667765665577461989199926319439859933391991799117373379739913979391971731171377
920720112 79265928136746662936555894898271955119899129883199393191937931779799171331393393739397979177
920720113 79666874169291642137698322437587832255631221237197179779119197933177731313393371391197799911
920720114 79745928136746662936555894898271955119899129883199393191937931779799171331393393739397979117
920720115 81275572852965129581342387286236597333225621729739777337311973971177139971111117911777719939
920720116 81625369888654876561974222948238521366739299147131373731311111973971937939191793711399737771
920720117 81695747988933353363478322698564232817663554811717799991777339317331913193379313373119179339
920720118 82964395437899989659543543354579831988137454279193319331779771799917739397931919999773711997
920720119 83732587893383997383696132897915687746375323417711917333799771933139339999393993999731197179
920720120 85316191635537931672255446592688624896211946817191713337931373739133111719319339911911793931
920720121 85316191635537931672255446592688624896211946817191713337931373739133111719319339911911793973
920720122 85365659365729597378319283212338621856666243273199339917777713971777137117777193999319319111
920720123 86233912159536198933232323656582399141385733161939771991939911199799977993131139797917339119
920720124 86568751296965944885296834619765214438317841631719991191791177111177979719191319133339331133
920720125 87838129989255976896123844351267492156583955889371379177117793339119911113339917371931171933
920720126 88936399369931385271518512331526922292924889937791997333171373793399913119779119993933139397
920720127 89365659365729597378319283212338621856666243273199339917777713971777137117777193999319319131
920720128 89531685297832247467499424947831999625957362311973377317391977113971939733191111117191993191
920720129 89531685297832247467499424947831999625957362311973377317391977113971939733191111117191993197
920720130 89639329298359883993296668655956613793495492743331771179171133111993937391993131977337739991
920720131 89989537985385158398515921463926557396313656541913137937977797333317771111971177779117397391
920720132 91212911222659621365756255888385419233283385353997917319993711717191177113933313791131793939
920720133 91695747988933353363478322698564232817663554811717799991777339317331913193379313373119179339
920720134 92175852482939566532168686165592699953847999931973979313799391197771339931933133779973713713
920720135 92356539122129832531813965422411791177761595547113393191911131973393933711773337917731137391
920720136 92562882977697972993251436453123456332234829943191117733391933931193917199319373779913771199
920720137 92964395437899989659543543354579831988137454279193319331779771799917739397931919999773711991
920720138 93414252551283554329831613454339977378727393823319377377391397377397179197339137131777397399
920720139 93862171284333132965851377841543351816823968119339379171139939331797391733173739391713713793
920720140 94337859266632869165513912255772669293433785517171713179397939711179937711733717339979793913
920720141 95716258379275169213169363346297124837321655619731337973799977377937393799931179737737117313
920720142 95996269873748943238327669361668583478816943741177933717331311979399777913171979193337397333
920720143 96742869619884432721391145374777686825634291523771171391111313737919133977331737137933773713
920720144 97378799882996888794993843366395258826843783917331799191771133739397173311771191371397719919
920720145 98242527778842542635725298563582398919155265829371171177377313773371711719133777719199713739
920720146 98765324625568974129289489895363318985918373853971373373919333997731711733913919197771773179
920720147 99729998656828726329596415378923118872964999637319977333117933771979113373131177117339973399
920720148 99792638836518591944165967495958578596558832467397731791913117379793973731339733133793373933
920720149 193436592959695989528296138838373723349834962137997191993339311911911731311791973939197137977
920720150 226619895626122226266434586384369226175122769277939771131911373717971739337919113993737993917
920720151 286798538948795278448173682276592659881848252457111133319191377317711973773717171133791317717
920720152 288281767867925527816689267556672586357433618257113737919311171979991339177371373999937371111
920720153 334948663839297455155866717955389552517458413631397719737737779131737377177179791319391339119
920720154 388338743832924485458216838156556952757622212859137731179919173117131177179919771133173339713
920720155 436948663839297455155866717955389552517458413631397719737737779131737377177179791319391339397
920720156 498162437165593287244233137421668156494123323271737977931799337773793397733373733199171139197
920720157 549685915986845933224853225389536866559689341239133919937133377937191173997393731997711131911
920720158 588281767867925527816689267556672586357433618257113737919311171979991339177371373999937371113
920720159 593192823796211855966275523932253344395319165857371171979133391137373739733771139797371171971
920720160 598162437165593287244233137421668156494123323271737977931799337773793397733373733199171139191
920720161 598162437165593287244233137421668156494123323271737977931799337773793397733373733199171139193
920720162 656619895626122226266434586384369226175122769277939771131911373717971739337919113993737993919
920720163 721563363192767498363987262878362148495514911859313377177797791339113393991399199911397337173
920720164 727277349897381849628422224223816589483172982659737997379397933779931713199931777771977139971
920720165 793192823796211855966275523932253344395319165857371171979133391137373739733771139797371171977
920720166 837253268546239559312759892696862689597787359577373377939911397133133711739331133997133111137
920720167 878219895626122226266434586384369226175122769277939771131911373717971739337919113993737999793
920720168 888338743832924485458216838156556952757622212859137731179919173117131177179919771133173339717
920720169 893192823796211855966275523932253344395319165857371171979133391137373739733771139797371171971
920720170 893436592959695989528296138838373723349834962137997191993339311911911731311791973939197137971
920720171 928619895626122226266434586384369226175122769277939771131911373717971739337919113993737993317
920720172 988338743832924485458216838156556952757622212859137731179919173117131177179919771133173339717
920720173 1486883448922919568658925663438853547738621241433113193937331711979317937191193391971739311931
920720174 1893656593657295973783192832123386218566662432731993399177777139717771371177771939993193191317
920720175 2235636553583536436866637821525987862666928548117177719937399197373771139333113779791379377319
920720176 2251989865478317961674847622573642818344936196131313791399911713777739119111137391137373371111
920720177 2343239972187253213592362915697834921256821678837799979713317373331191793379913177791791319119
920720178 2457162583792751692131693633462971248373216556197313379737999773779373937999311797377371173333
920720179 2513736553583536436866637821525987862666928548117177719937399197373771139333113779791379399111
920720180 2635834865378615124881986338578277677697274866899971311797991337373397993919997731933193313139
920720181 2754838792686679468635458982328716832474565987793919777971119731317971933377373339997933177139
920720182 2853161916355379316722554465926886248962119468171917133379313737391331117193193399119117939731
920720183 3282425277788425426357252985635823989191552658293711711773773137733717117191337777191997137311
920720184 3319986322243875651553955982243965285685568772137977773177173979177111997373917713317397931739
920720185 3322775784768689561399896957512632137651868259293117339393977997939199333333991991179171311173
920720186 3338621712843331329658513778415433518168239681193393791711399393317973917331737393917137137997
920720187 3371551922652722374224478957379135891225663998677997391319911911799377131119119731737911113739
920720188 3453575773282765692988859338959832919678523256311977717791713319737339111717937911111733997111
920720189 3734838792686679468635458982328716832474565987793919777971119731317971933377373339997933177171
920720190 3796668741692916421376983224375878322556312212371971797791191979331777313133933713911977999117
920720191 4278291299892559768961238443512674921565839558893713791771177933391199111133399173719311977333
920720192 4282425277788425426357252985635823989191552658293711711773773137733717117191337777191997137313
920720193 4326566522385956246784264428835242863964371977237937391939773391731791139773319913731177979333
920720194 4353692717682155236154139222285826635353749231619379199793133177131713173119971133771971919333
920720195 4912129112226596213657562558883854192332833853539979173199937117171911771139333137911317939397
920720196 5353692717682155236154139222285826635353749231619379199793133177131713173119971133771971919331
920720197 5586927759542455855442916817895593511524539142833979177779173791177979173371771199379331779911
920720198 5617651897532319162656543469677985819847898937717317939179997733119913397131919939177711177933
920720199 5623692717682155236154139222285826635353749231619379199793133177131713173119971133771971919737
920720200 5623692717682155236154139222285826635353749231619379199793133177131713173119971133771971919739
920720201 5687683596513814331563716335511297325787256395431937319177199917313199793333397999919937791717
920720202 5916957479889333533634783226985642328176635548117177999917773393173319131933793133731191793399
920720203 5938621712843331329658513778415433518168239681193393791711399393317973917331737393917137137931
920720204 5967428696198844327213911453747776868256342915237711713911113137379191339773317371379337737137
920720205 6213787998829968887949938433663952588268437839173317991917711337393971733117711913713977199113
920720206 6226395817326717996833398461251597938828356938293991193171191973973971333313311377197931937199
920720207 6453575773282765692988859338959832919678523256311977717791713319737339111717937911111733997113
920720208 6513736553583536436866637821525987862666928548117177719937399197373771139333113779791379399111
920720209 6528166854338882391839924886881734365323832882477797773373137397711979793939991719971717971717
920720210 6551733235813489655946775512535312962656935734793371799799799337919313973393179719919733991773
920720211 6586927759542455855442916817895593511524539142833979177779173791177979173371771199379331779913
920720212 6596883448922919568658925663438853547738621241433113193937331711979317937191193391971739311373
920720213 6829643954378999896595435433545798319881374542791933193317797717999177393979319199997737119971
920720214 6893656593657295973783192832123386218566662432731993399177777139717771371177771939993193191313
920720215 7178381299892559768961238443512674921565839558893713791771177933391199111133399173719311719379
920720216 7279833944228123588339389114386288651964586618191399771311191111333193333197173931771399931713
920720217 7326566522385956246784264428835242863964371977237937391939773391731791139773319913731177979333
920720218 7353161916355379316722554465926886248962119468171917133379313737391331117193193399119117939791
920720219 7486883448922919568658925663438853547738621241433113193937331711979317937191193391971739311937
920720220 7596883448922919568658925663438853547738621241433113193937331711979317937191193391971739311371
920720221 7596883448922919568658925663438853547738621241433113193937331711979317937191193391971739311377
920720222 7783794982532817491643672432355283657961325444373197911393199917737997173133313717731199919191
920720223 7912129112226596213657562558883854192332833853539979173199937117171911771139333137911317939397
920720224 7923565391221298325318139654224117911777615955471133931919111319733939337117733379177311373911
920720225 7929643954378999896595435433545798319881374542791933193317797717999177393979319199997737119917
920720226 8239559332132358983722294859186596358531213359239393339311733319711319919739791979117939713773
920720227 8332447245841619542526565938329267998569835356793779731913977713199799971977997177973317971371
920720228 8459962698737489432383276693616685834788169437411779337173313119793997779131719791933373973393
920720229 8516957479889333533634783226985642328176635548117177999917773393173319131933793133731191793313
920720230 8661651897532319162656543469677985819847898937717317939179997733119913397131919939177711171793
920720231 8734291256766577219724359421445261815526354326311917179771113379373933933399119717971133339317
920720232 8912129112226596213657562558883854192332833853539979173199937117171911771139333137911317939393
920720233 8997926388365185919441659674959585785965588324673977317919131173797939737313397331337933739337
920720234 9186141771666449132197511873219446287996744398597937317991777733717719719911779373911913739713
920720235 9226566522385956246784264428835242863964371977237937391939773391731791139773319913731177979373
920720236 9278291299892559768961238443512674921565839558893713791771177933391199111133399173719311977333
920720237 9326566522385956246784264428835242863964371977237937391939773391731791139773319913731177979339
920720238 9693352893254663991584617989298752546245974281733111931713377171977999139171393939317917993999
920720239 9812755728529651295813423872862365973332256217297397773373119739711771399711111179117777199393
920720240 9853161916355379316722554465926886248962119468171917133379313737391331117193193399119117939317
920720241 9895316852978322474674994249478319996259573623119733773173919771139719397331911111171919931973
920720242 9923565391221298325318139654224117911777615955471133931919111319733939337117733379177311373919
920720243 18883387438329244854582168381565569527576222128591377311799191731171311771799197711331733397179
920720244 22882817678679255278166892675566725863574336182571137379193111719799913391773713739999373711117
920720245 25496859159868459332248532253895368665596893412391339199371333779371911739973937319977111319111
920720246 28782198956261222262664345863843692261751227692779397711319113737179717393379191139937379997931
920720247 28782198956261222262664345863843692261751227692779397711319113737179717393379191139937379997937
920720248 33883387438329244854582168381565569527576222128591377311799191731171311771799197711331733397139
920720249 35981624371655932872442331374216681564941233232717379779317993377737933977333737331991711391913
920720250 46566198956261222262664345863843692261751227692779397711319113737179717393379191139937379939191
920720251 57272773498973818496284222242238165894831729826597379973793979337799317131999317777719771399717
920720252 58372532685462395593127598926968626895977873595773733779399113971331337117393311339971331111371
920720253 68883387438329244854582168381565569527576222128591377311799191731171311771799197711331733397173
920720254 75496859159868459332248532253895368665596893412391339199371333779371911739973937319977111319119
920720255 89883387438329244854582168381565569527576222128591377311799191731171311771799197711331733397173
920720256 132824252777884254263572529856358239891915526582937117117737731377337171171913377771919971373111
920720257 142782912998925597689612384435126749215658395588937137917711779333911991111333991737193119773337
920720258 179235653912212983253181396542241179117776159554711339319191113197339393371177333791773113739113
920720259 265968834489229195686589256634388535477386212414331131939373317119793179371911933919717393113739
920720260 273531619163553793167225544659268862489621194681719171333793137373913311171931933991191179397917
920720261 356876835965138143315637163355112973257872563954319373191771999173131997933333979999199377917179
920720262 373265665223859562467842644288352428639643719772379373919397733917317911397733199137311779793333
920720263 383324472458416195425265659383292679985698353567937797319139777131997999719779971779733179713719
920720264 393265665223859562467842644288352428639643719772379373919397733917317911397733199137311779793393
920720265 396933528932546639915846179892987525462459742817331119317133771719779991391713939393179179939999
920720266 532824252777884254263572529856358239891915526582937117117737731377337171171913377771919971373113
920720267 624571625837927516921316936334629712483732165561973133797379997737793739379993117973773711733331
920720268 655869277595424558554429168178955935115245391428339791777791737911779791733717711993793317799117
920720269 656876835965138143315637163355112973257872563954319373191771999173131997933333979999199377917173
920720270 665968834489229195686589256634388535477386212414331131939373317119793179371911933919717393113733
920720271 679235653912212983253181396542241179117776159554711339319191113197339393371177333791773113739117
920720272 698127557285296512958134238728623659733322562172973977733731197397117713997111111791177771993933
920720273 759674286961988443272139114537477768682563429152377117139111131373791913397733173713793377371371
920720274 793265665223859562467842644288352428639643719772379373919397733917317911397733199137311779793393
920720275 856876835965138143315637163355112973257872563954319373191771999173131997933333979999199377917171
920720276 883324472458416195425265659383292679985698353567937797319139777131997999719779971779733179713711
920720277 927548387926866794686354589823287168324745659877939197779711197313179719333773733399979331771391
920720278 959169574798893335336347832269856423281766355481171779999177733931733191319337931337311917933993
920720279 985169574798893335336347832269856423281766355481171779999177733931733191319337931337311917933133
920720280 1287821989562612222626643458638436922617512276927793977113191137371797173933791911399373799979319
920720281 4188833874383292448545821683815655695275762221285913773117991917311713117717991977113317333971797
920720282 7228828176786792552781668926755667258635743361825711373791931117197999133917737137399993737111177
920720283 16568768359651381433156371633551129732578725639543193731917719991731319979333339799991993779171737
920720284 17596742869619884432721391145374777686825634291523771171391111313737919133977331737137933773713713
920720285 22659688344892291956865892566343885354773862124143311319393733171197931793719119339197173931137391
920720286 26568768359651381433156371633551129732578725639543193731917719991731319979333339799991993779171739
920720287 28568768359651381433156371633551129732578725639543193731917719991731319979333339799991993779171711
920720288 31427829129989255976896123844351267492156583955889371379177117793339119911113339917371931197733371
920720289 31792356539122129832531813965422411791177761595547113393191911131973393933711773337917731137391133
920720290 32735316191635537931672255446592688624896211946817191713337931373739133111719319339911911793979179
920720291 47932656652238595624678426442883524286396437197723793739193977339173179113977331991373117797933937
920720292 53833244724584161954252656593832926799856983535679377973191397771319979997197799717797331797137197
920720293 66981275572852965129581342387286236597333225621729739777337311973971177139971111117911777719939333
920720294 69591695747988933353363478322698564232817663554811717799991777339317331913193379313373119179339931
920720295 75328242527778842542635725298563582398919155265829371171177377313773371711719133777719199713731133
920720296 92659688344892291956865892566343885354773862124143311319393733171197931793719119339197173931137397
920720297 92735316191635537931672255446592688624896211946817191713337931373739133111719319339911911793979179
920720298 2926596883448922919568658925663438853547738621241433113193937331711979317937191193391971739311373977
920720299 3327353161916355379316722554465926886248962119468171917133379313737391331117193193399119117939791799
920720300 3669812755728529651295813423872862365973332256217297397773373119739711771399711111179117777199393333
920720301 4753282425277788425426357252985635823989191552658293711711773773137733717117191337777191997137311337
920720302 5285687683596513814331563716335511297325787256395431937319177199917313199793333397999919937791717117
920720303 5314278291299892559768961238443512674921565839558893713791771177933391199111133399173719311977333711
920720304 5538332447245841619542526565938329267998569835356793779731913977713199799971977997177973317971371971
920720305 6175967428696198844327213911453747776868256342915237711713911113137379191339773317371379337737137139
920720306 6317923565391221298325318139654224117911777615955471133931919111319733939337117733379177311373911333
920720307 9317923565391221298325318139654224117911777615955471133931919111319733939337117733379177311373911333
920720308 129265968834489229195686589256634388535477386212414331131939373317119793179371911933919717393113739771
920720309 152856876835965138143315637163355112973257872563954319373191771999173131997933333979999199377917171171
920720310 161759674286961988443272139114537477768682563429152377117139111131373791913397733173713793377371371397
920720311 261759674286961988443272139114537477768682563429152377117139111131373791913397733173713793377371371399
920720312 593179235653912212983253181396542241179117776159554711339319191113197339393371177333791773113739113337
920720313 761759674286961988443272139114537477768682563429152377117139111131373791913397733173713793377371371391
920720314 57617596742869619884432721391145374777686825634291523771171391111313737919133977331737137933773713713917
920720315 91617596742869619884432721391145374777686825634291523771171391111313737919133977331737137933773713713973
