3 84 59 [127, 131, 137] [953, 971, 977]
4 302 218 [1117, 1171, 1193] [9833, 9839, 9973]
5 796 494 [11273, 11279, 11311] [99377, 99713, 99719]
6 2325 1529 [112913, 112919, 112979] [997333, 997391, 998399]
7 5158 2833 [1112731, 1112737, 1113173] [9987793, 9993713, 9997133]
8 12975 7817 [11129191, 11129791, 11173313] [99973333, 99973339, 99973919]
9 25693 12718 [111239197, 111757913, 111859313] [999757739, 999829793, 999859739]
10 58044 32351 [1111291913, 1111297919, 1111733131] [9999619733, 9999619739, 9999733399]
11 104851 46807 [11121577913, 11122277791, 11122291379] [99996737993, 99998297933, 99998297939]
12 212668 107817 [111112919131, 111133733197, 111135391919] [999994337399, 999994339937, 999995399399]
13 354568 141900 [1111222777913, 1111222913797, 1111257719731] [9999895339979, 9999895339991, 9999982979333]
14 664397 309829 [11111353919191, 11111967997313, 11112517919791] [99999823393931, 99999823393991, 99999897191993]
15 1041739 377342 [111112227779131, 111126331313737, 111126659311313] [999995223793373, 999996151139339, 999998953399913]
16 1830517 788778 [1111149473137973, 1111159371119737, 1111159839931313] [9999986977799939, 9999988831339391, 9999996733319339]
17 2708433 877916 [11112237511133797, 11112541399799731, 11112541399799737] [99999922279937399, 99999925717939931, 99999928579913339]
18 4455588 1747155 [111115355913119197, 111121246739377319, 111121585391971373] [999998789713319993, 999999594193399799, 999999869777999399]
19 6239453 1783865 [1111128373377713737, 1111128382197113737, 1111163582179373731] [9999989222739773333, 9999994967377991339, 9999996852379993313]
20 9731754 3492301 [11111271367119713197, 11111282689977337319, 11111296279199131319] [99999959337391933319, 99999961943771939339, 99999981913393993979]
21 13064499 3332745 [111112349373993173191, 111112791359133113731, 111112944223913137379] [999999536739191993999, 999999541131193939337, 999999892227397733333]
22 19467873 6403374 [1111115985113179379791, 1111122327591137131979, 1111123986899733991319] [9999997995897331973339, 9999998662791971339339, 9999999619437719393393]
23 25161035 5693162 [11111265238273913737979, 11111326757271339337379, 11111451382571377919131] [99999951245779771931399, 99999952622777371913993, 99999976597511197997399]
24 35815877 10654842 [111111959167911131137919, 111112279636719977791313, 111112294451793711113797] [999999828532999717199393, 999999834538333931939393, 999999863221317337991399]
25 44655900 8840023 [1111112652382739137379797, 1111119286123917793373797, 1111119779997133133131973] [9999998164127131399199999, 9999998491342177711199399, 9999999512457797719313993]
26 60969263 16313363 [11111161928159777773379131, 11111161928159777773379137, 11111163878683317179797919] [99999995338679139373339993, 99999995583853971139991393, 99999998285329997171993939]
27 73796822 12827559 [111111321225757171391737373, 111111364628631177739313137, 111111523622359977397313797] [999999852262337197717199333, 999999868332173991319973393, 999999995124577977193139933]
28 97303612 23506790 [1111112927648831133913313131, 1111113188649173111711197319, 1111113466619839137913313131] [9999999464384297711173993997, 9999999565755231771373999939, 9999999953386791393733399931]
29 114588329 17284717 [11111156958538273719331319731, 11111158354694399171171131313, 11111163536548539373391191979] [99999992828866593377179999373, 99999995684167733739373939373, 99999997313637397997117399933]
30 145758260 31169931 [111111129276488311339133131313, 111111187438926777917933191313, 111111516231498397393399913197] [999999956475954133131319933337, 999999958826327319177137333939, 999999995657552317713739999399]
31 167418460 21660200 [1111112171214125113713137797373, 1111113667988775731317931797373, 1111115292523952391771391373731] [9999998986648593777993917999939, 9999998994161137991331917333993, 9999999812755255777177399999313]
32 206093054 38674594 [11111115882832529713117739791379, 11111118242626819137373711313137, 11111122935663843179973371191919] [99999998982663947399373137333333, 99999999289175359393779733331339, 99999999588263273191771373339399]
33 231740658 25647604 [111111152925239523917713913737319, 111111172975324229391777179737379, 111111346732889223371771179919737] [999999896232583359919173919913339, 999999966414198659939791939999993, 999999985171983151131797117339933]
34 277822730 46082072 [1111112253532545791377973977379191, 1111112412391628231131917199979731, 1111112555372823539779337779379791] [9999999734969586197739797993999999, 9999999875515872179319391999933331, 9999999893179322833733373731933393]
35 306377535 28554805 [11111114396359726591191991919737373, 11111126693386716319797997339313737, 11111139499982727737171997719737919] [99999989955625464579979117939733993, 99999991599831331319917397119999939, 99999992364616487739337173193333391]
36 357153989 50776454 [111111129344593666733199379199797979, 111111233896697922973739371997197379, 111111238937698647333799731193319131] [999999996856574986779317137939331333, 999999996856574986779317137939331339, 999999998931793228337333737319333933]
37 386827833 29673844 [1111111394999827277371719977197379197, 1111114863756678755711993719973797919, 1111115858356734525177999131311313791] [9999999835862536182179737371133993919, 9999999856629466423917919719379337333, 9999999894152981485937791131313319999]
38 439560137 52732304 [11111113849586422241137339771717913131, 11111113849586422241137339771717913137, 11111122922266343159777733377111191319] [99999998788833953117111339131933339139, 99999999527791497129133799799191393393, 99999999968565749867793171379393313339]
39 469220891 29660754 [111111266846556973823779179333919319791, 111111347236439371523371337973973979131, 111111349945821595359799337799919373137] [999999976918267117227197991713999339993, 999999989396112153379739337991939933139, 999999989433553385359113997311791939939]
40 522235982 53015091 [1111111359786295586299177933193971379731, 1111111379145159267673391999319997973797, 1111111916625436488597117971779771973131] [9999999834326264381193371737311377393399, 9999999885723791777193797773131919993393, 9999999986237147629533399137137373333333]
41 550766960 28530978 [11111125117311395823531313391119111913731, 11111142394113528546771777117979799737919, 11111147935995366948271399373773373791973] [99999992665512571121517319919131331333393, 99999993163376566295231991791733179399399, 99999995322142969928591739311919373199933]
42 600403454 49636494 [111111113597862955862991779331939713797313, 111111134642693959831191999733993793737919, 111111159341486886576739177999133311973191] [999999992938838881394733717791793773999339, 999999993229962141577931791791331333339313, 999999997948315329214399919739711133393333]
43 626091081 25687627 [1111111423941135285467717771179797997379197, 1111115183922422622365997131997331999313737, 1111116586713644499425719713733377199313797] [9999999823318599128272711793917731973339979, 9999999926655125711215173199191313313333933, 9999999931633765662952319917917331793993993]
44 670562646 44471565 [11111112489263236921337117393197979971313131, 11111122131287876369931993339999193111913737, 11111131611583581383267791337371719319979737] [99999995861496974223867771931133739139339993, 99999996463382531954543133111371313799339133, 99999997646948313397979111397193931173391393]
45 692848094 22285448 [111111151839224226223659971319973319993137373, 111111165867136444994257197137333771993137973, 111111368283218634332227733719931313779197373] [999999988323294665795151199979113737139993973, 999999992212588982733827337177917191939333333, 999999999266551257112151731991913133133339333]
46 731988873 39140779 [1111111316115835813832677913373717193199797373, 1111111368358552868979679993177771791397379191, 1111111685232311853161237777139131311139197919] [9999999617833649199729473119711193777399993399, 9999999822655779813896197379717793777133919939, 9999999827949922118865419111197339937719399339]
47 750636172 18647299 [11111136121115526459258217199333779797719791919, 11111158341354855547298213713771777937711197373, 11111161733817193436328771991133319313199791319] [99999989966185344819176733133931171739997139933, 99999999586867412723354577977713193797199999333, 99999999922125889827338273371779171919393333333]
48 782633362 31997190 [111111147224256538694383113393337731397373131373, 111111155124478317512927191939377331993373791379, 111111234886323446761763739117997919737991131313] [999999922312954589984374117777337919717313339931, 999999922929847264852397337717173317913779931393, 999999953285812274237694193713977737773971339333]
49 797244279 14610917 [1111112873629663899869272777999193919973717313737, 1111115545369886482567222771131139971393313979131, 1111116656219298217344213133711917313719713131979] [9999999546884221973518373377777199373973333339313, 9999999718269285368559233111113371973971911333939, 9999999872347562591691382999391371733737339973993]
50 822408498 25164219 [11111127711786183952581967997971797773313733919131, 11111135669756884344879129711791391977719993313731, 11111136533545776329297723799737997999331391731973] [99999989955194684851275719339111133779971997333939, 99999993834862699796776237193131791979119799997333, 99999998978213564439538283719391139311179391333333]
51 833556470 11147972 [111111581865896873875492479399117177977913391973731, 111111594369131295993295659799739731771339939913197, 111112136697399531255187421933737933139797331731319] [999999959666921266435225977137177739939399197399399, 999999974773922134688637953733711739913719733339933, 999999989686361848386591521731179391133911933939939]
52 853081760 19525290 [1111113162665826861816819733993911119773199111797919, 1111113651337868369629694111919799331993991731731313, 1111115275689927988397638419377377999199139397319797] [9999999563482518276563572833393973397373133339339739, 9999999612435519697637978111793937933973997139139999, 9999999687787119438223984793739713719919331139333391]
53 861290422 8208662 [11111244388626565576415911279311991111397117973937373, 11111281983676389688762852511919913931971133991779737, 11111299647896838386699527397199931313733737931119731] [99999954425633262978686227277197117193791977733339399, 99999983348522299335428393739797973939711313393133393, 99999985257526149565827338273371771797997391911999313]
54 875551825 14261403 [111111158653385357255859594793117773939711919379791919, 111111269151523326682979885977913717993377339933379191, 111111383353266524553283737339313377373371331337191319] [999999866519183151865361196799713931939993971313939939, 999999941191184233335896811933937739931377931319939373, 999999952443982659482938921373179319379737373193993979]
55 881249550 5697725 [1111113343859848638259433643331919177733331373993137913, 1111117538243263237249152752117193179331919111133797973, 1111124829888613896147549285973939733393391191919397973] [9999998322182892522692826373979773131117917391799933313, 9999998337326646413261688313911197739919339377139333937, 9999999514253267424246734222793973371131973713119913939]
56 891333679 10084129 [11111131134741269714713346571131797313791773139133131919, 11111143385345218331268233619739797173979111137333131373, 11111149397972627258785818619973917313737933913317373737] [99999969448564973855492625873717973371791177733199997993, 99999993255689168928853416129777931137737137377733937339, 99999994348885275422682245417719191191917717113371399339]
57 895245627 3911948 [111111355917567531432437632557931139393719939973119319797, 111111552995597398765543624853979371733339331799177731979, 111112838713146137842958863673931173737771937713793791319] [999998865148649811962837477557797399137139171779913133319, 999999626571553692873743456937133973977197997917791333933, 999999933845395356192724285251173977111137991993919399993]
58 902238421 6992794 [1111112498871566387626665796733333379933997977397991197979, 1111116745591652185793532868191371373991997311917313913737, 1111117686638832135642286373539197719339339773313197319797] [9999996526946575835479359372297191331739917979199779339379, 9999999694485649738554926258737179733717911777331999979933, 9999999943488852754226822454177191911919177171133713993393]
59 904847551 2609130 [11111266238983172849833826246771113193793777937373793713737, 11111266987211284981859954834211937331939991173339979931913, 11111353229586539762823113131379733711179739173777373931919] [99999885351412892942633686626317139337377779793191311199939, 99999887699984929437859192921577799937393191997999317773993, 99999913529895896991499239395219939939979337193797717139933]
60 909420355 4572804 [111112549683524482623255569454711911737797717977373371191913, 111112681763265223875414757591739939131191979791191397931373, 111113582959241987192123934552971731339993771193113797173131] [999999857997135961189994759428977733799193139117939717997333, 999999889198785649632719537219799997373333111777139379393999, 999999952312681266353594359516199319999917939331779117933399]
61 911059736 1639381 [1111121589358869816763783849222799937939917779737131913991979, 1111128182551589493296686784373399717373397911171711137931913, 1111135986678262725952535995855719979777137337991933337331979] [9999977167358382239381324838622337177111737917973777391993999, 9999988798242659531537138323267371973779993397937397177193397, 9999993232185447391623524558837377113713977999197931913333999]
62 913986021 2926285 [11111325729321925998111365489267779993173771313399199337113197, 11111326861133533637162325982971919771939371939139133377913137, 11111335958355997374562531886541911339193137333977919971919137] [99999958188914334874125123782173379333931973119991191373379399, 99999988576868263628236535176523399779773971793913193317939331, 99999992222428942939294139395829739373739973317179911913399991]
63 915001845 1015824 [111111632494563623463839471981853919791913797139331331799379197, 111112894532683226988238439438659917393971773331731973999191379, 111113596624758585391329295535659791313311731197113773313179197] [999998915187338618668725556771151919337179337177399933993337993, 999999316485621759182753945593431999793917179377391313313733333, 999999693319726811759559919598353731371373193791977173999799993]
64 916844734 1842889 [1111128928316373637789469535875471117799393997931197797177997379, 1111133767366989555629799962435477977991973111379731991993319731, 1111133821931821343298684111361471731919931373931119397173397373] [9999997867747576793836191423893119333137993979917713791733939939, 9999997892138944955338368889236673373711377331971393937317933939, 9999998638769213831631927567928179793999377737733331317973999979]
65 917448893 604159 [11111455816739623424673623275918773393731931391731799793311919731, 11111455816739623424673623275918773393731931391731799793311919737, 11111467143732285626565638339837277399773379991719779337319379131] [99999686536959457523368594883661511331113779971399993391937313999, 99999842596731947958455667323237511919117377717991933173739993799, 99999893869797671291388127279374311993171331771937939793797973939]
66 918543785 1094892 [111112369775328563159834876248341339711391779139331719397937173137, 111112888119165242276425265658985979979131779971191737773713131319, 111119575351359857165849112539861979311997999711997131177393937313] [999998596667136886483241398492967931333739139717779999793313793793, 999998661839924821653299477628563117911731193773171997391739179339, 999998826923733545522644978498187373993717733911133737799719793993]
67 918889495 345710 [1111165784523997285414255962889325793197731733799119393193339991319, 1111185919253885523113955399142243911917937399977737717793933131913, 1111257153774835354524286561345515177337917111713199379799179111913] [9999984653135564877395375196337975717399717399917939913111399993319, 9999995293885331616575384426642957177137391791913111911193737333739, 9999998938697976712913881272793743119931713317719379397937979739393]
68 919523348 633853 [11111128881191652422764252656589859799791317799711917377737131313191, 11111236656899636368867895973655823177337971717319333991139997779131, 11111686718979385256616423946629423131911313391731977737919711913137] [99999898575353923597278865674112479993137719973117313313379779999799, 99999914623122351827882337986298619793119333379737339171737331999133, 99999985966671368864832413984929679313337391397177799997933137937933]
69 919719565 196217 [111128592296566913952295645219569277937393199377973777933139117193137, 111129341581239728498843893485953271733719939337339177131777313793131, 111144632479742472674919691967567659777137719973377113713313331731919] [999998576576166823469293925383376227317933713997191797371931377733399, 999999743142638533646483832738776331119993931777111931393731997933733, 999999989386979767129138812727937431199317133177193793979379797393933]
70 920083619 364054 [1111219452688991824677384657884529473139793737733739117971197173339731, 1111236892692159639839478353662827591777993137371931939999739373171913, 1111267156387726426858911953335292473191793197931977773197199797117913] [9999973173515893712392838815937542833917313991917917733931919133799933, 9999979269883559441929434292424645897111791371993999193773313791199339, 9999998813698274131353974847422979677777997933191791391973939317939999]
71 920191295 107676 [11112763857893261612258426836631968213373193197777113917397931919119197, 11116619835946229345123416489981852579131391193719911379133931131371313, 11125714649639398763399567325572441737939777911333939973939997931371131] [99998634338955123135134683915965236599917999937373399393997137971337399, 99998639694896586379285633318568624337179913393313793937979999399973999, 99999684269887519211763537268461598297399777117973737771793131711319339]
72 920389888 198593 [111113376765321255367495126868989269779313113199393113719997933371913137, 111129615378617612359537832673546867913937371791717399199199171999333137, 111138467553793235485768997926598374771199173119797179931993379991133197] [999992549294212165318164423854163841333737971339117793971197713999173333, 999992763288921679299946952359534896191931919191373937177717179311199999, 999997997226328126322453395932332868337337139913393773393199177173199193]
73 920446546 56658 [1111949548899713293532885676334976135973397193191117139973311317711739737, 1111996952668613142565623375559343482993113119339319179977173191331337913, 1112379385348439513869535773575684997191771777797333113771377337939931197] [9999695295358182839987958429639535382731997399771793739911771119773793393, 9999889195398981367118649185841662215177939177733171131191713997339773399, 9999986396948965863792856333185686243371799133933137939379799993999739999]
74 920551985 105439 [11111868729928695154996716223557679973911991937133737911399119997931997919, 11112198468118237353996266336879297819193939139939939371377913113397113737, 11115784836892957258724354483988325247311131917731917397733977973337719191] [99998496286236238396562383679854447811713133171739377333113939737773719133, 99998745127337413551435399367929525223711397171993973193793793377911339999, 99999979972263281263224533959323328683373371399133937733931991771731991939]
75 920581814 29829 [111126413256259638515532227525932363739793793197919191131391931191119911319, 111165632522191639722185881725522723727793117199717179199339139173173999737, 111174723326919593649924569748131258359719391797913339771331911973371979131] [999975159812533654628344532869944887877979373193113311377119197933793779799, 999979276185986568223343222624353617421979979997737719179173971177393999993, 999995626951179932226387923284957183337799719931979973979173913719919719939]
76 920637665 55851 [1112796239738738358219582191394734263793777337377937313919191171779719971313, 1113218382723863661842593697155293796619171919197339977999393919399773973131, 1113226393237562664756318969213596616899193317119791179931391319933739793973] [9999892562911624322661413225572214629293371973911731791937793371997971933391, 9999897863979353198468583189474458716113733197311339791391373737773399391333, 9999984235857178469658295232526528338293911173179797911739391791711711139733]
77 920652764 15099 [11114659823539213822234529812682297994219993779793197399113739913977139997373, 11132327183898449559448332228869334942773919793179713133119193779177191973797, 11147565538394952955217982253464519445233793177717177973779111971331197331319] [99997649352232324244734892846633775244579919179391777119919991919371311173733, 99999665984789964749663873962937958382231191111331937799737371337733193399739, 99999673332685119811826838122166898684211371933397937371173917319137997933991]
78 920680932 28168 [111291176836893795927153977775623323997333193719397313919777197733917373191979, 111326822598686245832491596348252228668999773177193393337173793917191371193913, 111328628423455628332463928463532623326171931131937713371139177777373197733373] [999921653325938595474652232381496927476737933393711133113973997773979911779991, 999927937451481389567296197283195643196771117377731397199993199333719173173331, 999949568259345869553344438375169895917333793933933339139397973199913177379397]
79 920688061 7129 [1112327386562529238195185397932681829757739193371391371991377773917371791191319, 1115389739582326962699184577293986483582119717739971399933993337311373771379373, 1115828317686818667348981699628724965785777371131933393739391379933799777177137] [9998623592385239837297453721893534779743179373393199117113333931911331377937333, 9998939842439563796395545751527629928217379733193177793313319913119311999997979, 9999133762511814625597929516837829279213979391979331711137917771371317311319331]
80 920701759 13698 [11132896643355752619953733164347256339961973397397993191137737911997971393177791, 11138763152988822222967675164575299737743373399777139179313717711119173933711137, 11164573924585284671853457683267958662341313379117139337737797933771793317733131] [99998265691238211454399163398655646933637993797137791333713971979977333931199997, 99998282548568788484525231521641266562313799719119311733773191711313133117199919, 99998431288943356233919876863942378338547137933377739371111379319399373733113331]
81 920705163 3404 [111798631563265892275145868571326283636673339713377137379191139797719937999791319, 112923328725763794961334691229161848616859777391171731393731739337911173793979137, 113677256335229198563793236535232256467823397917171733979137199793397797997379931] [999981591277868861653613195942312882755271173179793777311939919137777799933933919, 999986235923852398372974537218935347797431793733931991171133339319113313779373333, 999991337625118146255979295168378292792139793919793317111379177713713173113193319]
82 920711791 6628 [1113188428488971249267264383454759546634297133119731793339977119713197731771733791, 1117182798389364451557264512829766251729371713797973777999399199391973793333737379, 1121655535821836252846772332827786124228311173993113197319379971791971171119733997] [9999191283163623821811279837796922965428677791399773373913779779131399771919919913, 9999191283163623821811279837796922965428677791399773373913779779131399771919919919, 9999871478324285272215957786333186867242539399973179931179373373911913793373777933]
83 920713294 1503 [11184462681535435471932563931263281853242293917937991119997191973773379777173733313, 11273868149167284848597255471277385943122291391917337791317993139931713991999717137, 11342149223791689627931632483916468286136313993777717731773173111133399779777311331] [99883124627983632593536472688799963874231511337739399331139197193119991377391731733, 99891976682476597224223465994797372656778277399171773979733399131711311313191719179, 99959466838426931232834333487127579254623593931971197139339371371177993393197173333]
84 920716443 3149 [112336836636813741156996513296888922348895393733131971193333333739137111337339193113, 112482357294599829815382827553318156896822391733777799913397717933737397393397373119, 112829999232342179639896594518885526692531911193917911139993799939119111973397337731] [999211176171689848833393828183144431521648317711337979339779933311939199919313139997, 999543789998965954354335457983198813745427919331933177977179991773939793191999977397, 999865682872632959641537892311887296499963731997733311793377197911337313117711733997]
85 920717131 688 [1188343588967712954678342373778385882223695399171117337373933331139371137973171777337, 1235833893257387264423271488266616183378952311773171137997191319773333191179199311777, 1254228451694187413167116685954138952781582177797373719373797131111731731737799773919] [9986876238231649349674682633587184292543217399377333337773911393173799997197377779733, 9986876238231649349674682633587184292543217399377333337773911393173799997197377779737, 9992998623592385239837297453721893534779743179373393199117113333931911331377937331939]
86 920718554 1423 [11263227653326758929532476327895917218328173373373119393133393711979971337993991913391, 11345223857535989861726586976338573394375459173319137779393339731971311939791311739913, 11473856386611288918124975553719147943371283391939373733171793377993397731911391137913] [99875297386311376369918717927255263676649353991137319111939937377933977337919933117131, 99875995932485265596698133653225992462952573711317119117331973717393317179933793117191, 99965286858597329655882924656673688836362759119931737131937939971177311971771973777999]
87 920718866 312 [113495799496231165686351386519288968985534773779119119773777199397979191999917917193319, 119232616996592853783264389622918477995496877191137731139911931777971317131997311313991, 126359535263917183767272348589493292421968631199993913333373139931717777313131997919177] [997653899697593351818569596267931895544343271717139711733339313371939397937173397937193, 999868762382316493496746826335871842925432173993773333377739113931737999971973777797337, 999868762382316493496746826335871842925432173993773333377739113931737999971973777797339]
88 920719512 646 [1124912238222332213546827885374227567653672477797377117719791719973913171317117317711197, 1186571564553551941223693545473559495613481597733717313779317939931313739193119971399797, 1196762354236416686578295724469855929386186197933991919111973711173991391733993913179397] [9992328965232952956988989967996825963322773733917199371317397199917991797973317799731133, 9994443862451316659788113798218253687956317591993737113173937399191711991133333713737793, 9998321667168261418273742318622284652749647411999793739111319331193711319379997939973199]
89 920719644 132 [12482382157387611823537358967349637197653899377331119979731393937771391131171939997317933, 13258261578216737475924669826775969313689233311917391397399179713977771379991173771779177, 14365929596959895282961388383737233498349621379971919933393119119117313117919739391971379] [99893165666333582288813235414488927116217721313979131311371973779793171779799999179179739, 99921796361383256926223332958394629166837187739977939333711937913797793191979779979139199, 99998687623823164934967468263358718429254321739937733333777391139317379999719737777973399]
90 920719964 320 [111967623542364166865782957244698559293861861979339919191119737111739913917339939131793973, 115929162152776875344639276259685663577545514333797133973733197999933913137973373797913197, 118867352998533621372531863768396815912188174773799111339331393391771717173979173373993191] [996439543789998965954354335457983198813745427919331933177977179991773939793191999977371193, 998935986736791187155777916724167592773437311177717773979997339919313973719117339939737913, 998953798538515839851592146392655739631365654191313793797779733331777111197117777911739739]
91 920720010 46 [1689533827176778332399656143667332656323457682393111193793393393739333317399979919139719911, 1821989562612222626643458638436922617512276927793977113191137371797173933791911399373799979, 1992269957479183989559882545262841789291161752397119979713711797377779713139939191113391137] [9723914286935534952898281986438566399226245693713397379391937717333177319717731733313731771, 9732177698589333558363788895382469227553685927177319913739337791377173133179331737977317779, 9816243716559328724423313742166815649412332327173797793179933777379339773337373319917113919]
92 920720148 138 [13527846869166625419116395998463386881725234131973177311779339913333977931379997131339171799, 14324824299485397815695263895532126369414152729711319191993991173931199139771977731333799713, 17448357363963953596923441518549451215425726259397913999937139193779711993331933399111373137] [98765324625568974129289489895363318985918373853971373373919333997731711733913919197771773179, 99729998656828726329596415378923118872964999637319977333117933771979113373131177117339973399, 99792638836518591944165967495958578596558832467397731791913117379793973731339733133793373933]
93 920720172 24 [193436592959695989528296138838373723349834962137997191993339311911911731311791973939197137977, 226619895626122226266434586384369226175122769277939771131911373717971739337919113993737993917, 286798538948795278448173682276592659881848252457111133319191377317711973773717171133791317717] [893436592959695989528296138838373723349834962137997191993339311911911731311791973939197137971, 928619895626122226266434586384369226175122769277939771131911373717971739337919113993737993317, 988338743832924485458216838156556952757622212859137731179919173117131177179919771133173339717]
94 920720242 70 [1486883448922919568658925663438853547738621241433113193937331711979317937191193391971739311931, 1893656593657295973783192832123386218566662432731993399177777139717771371177771939993193191317, 2235636553583536436866637821525987862666928548117177719937399197373771139333113779791379377319] [9853161916355379316722554465926886248962119468171917133379313737391331117193193399119117939317, 9895316852978322474674994249478319996259573623119733773173919771139719397331911111171919931973, 9923565391221298325318139654224117911777615955471133931919111319733939337117733379177311373919]
95 920720255 13 [18883387438329244854582168381565569527576222128591377311799191731171311771799197711331733397179, 22882817678679255278166892675566725863574336182571137379193111719799913391773713739999373711117, 25496859159868459332248532253895368665596893412391339199371333779371911739973937319977111319111] [68883387438329244854582168381565569527576222128591377311799191731171311771799197711331733397173, 75496859159868459332248532253895368665596893412391339199371333779371911739973937319977111319119, 89883387438329244854582168381565569527576222128591377311799191731171311771799197711331733397173]
96 920720279 24 [132824252777884254263572529856358239891915526582937117117737731377337171171913377771919971373111, 142782912998925597689612384435126749215658395588937137917711779333911991111333991737193119773337, 179235653912212983253181396542241179117776159554711339319191113197339393371177333791773113739113] [927548387926866794686354589823287168324745659877939197779711197313179719333773733399979331771391, 959169574798893335336347832269856423281766355481171779999177733931733191319337931337311917933993, 985169574798893335336347832269856423281766355481171779999177733931733191319337931337311917933133]
97 920720282 3 [1287821989562612222626643458638436922617512276927793977113191137371797173933791911399373799979319, 4188833874383292448545821683815655695275762221285913773117991917311713117717991977113317333971797, 7228828176786792552781668926755667258635743361825711373791931117197999133917737137399993737111177] [1287821989562612222626643458638436922617512276927793977113191137371797173933791911399373799979319, 4188833874383292448545821683815655695275762221285913773117991917311713117717991977113317333971797, 7228828176786792552781668926755667258635743361825711373791931117197999133917737137399993737111177]
98 920720297 15 [16568768359651381433156371633551129732578725639543193731917719991731319979333339799991993779171737, 17596742869619884432721391145374777686825634291523771171391111313737919133977331737137933773713713, 22659688344892291956865892566343885354773862124143311319393733171197931793719119339197173931137391] [75328242527778842542635725298563582398919155265829371171177377313773371711719133777719199713731133, 92659688344892291956865892566343885354773862124143311319393733171197931793719119339197173931137397, 92735316191635537931672255446592688624896211946817191713337931373739133111719319339911911793979179]
99 920720297 0 [] []
100 920720307 10 [2926596883448922919568658925663438853547738621241433113193937331711979317937191193391971739311373977, 3327353161916355379316722554465926886248962119468171917133379313737391331117193193399119117939791799, 3669812755728529651295813423872862365973332256217297397773373119739711771399711111179117777199393333] [6175967428696198844327213911453747776868256342915237711713911113137379191339773317371379337737137139, 6317923565391221298325318139654224117911777615955471133931919111319733939337117733379177311373911333, 9317923565391221298325318139654224117911777615955471133931919111319733939337117733379177311373911333]
101 920720307 0 [] []
102 920720313 6 [129265968834489229195686589256634388535477386212414331131939373317119793179371911933919717393113739771, 152856876835965138143315637163355112973257872563954319373191771999173131997933333979999199377917171171, 161759674286961988443272139114537477768682563429152377117139111131373791913397733173713793377371371397] [261759674286961988443272139114537477768682563429152377117139111131373791913397733173713793377371371399, 593179235653912212983253181396542241179117776159554711339319191113197339393371177333791773113739113337, 761759674286961988443272139114537477768682563429152377117139111131373791913397733173713793377371371391]
103 920720313 0 [] []
104 920720315 2 [57617596742869619884432721391145374777686825634291523771171391111313737919133977331737137933773713713917, 91617596742869619884432721391145374777686825634291523771171391111313737919133977331737137933773713713973] [57617596742869619884432721391145374777686825634291523771171391111313737919133977331737137933773713713917, 91617596742869619884432721391145374777686825634291523771171391111313737919133977331737137933773713713973]
105 920720315 0 [] []
106 920720315 0 [] []

