4 239 218 [1117, 1171, 1193, 1231, 1237] [9739, 9791, 9833, 9839, 9973]
6 1768 1529 [112913, 112919, 112979, 113731, 114713] [995399, 996197, 997333, 997391, 998399]
8 9585 7817 [11129191, 11129791, 11173313, 11197379, 11223937] [99953993, 99961973, 99973333, 99973339, 99973919]
10 41936 32351 [1111291913, 1111297919, 1111733131, 1113373319, 1113433313] [9999433993, 9999539939, 9999619733, 9999619739, 9999733399]
12 149753 107817 [111112919131, 111133733197, 111135391919, 111135391973, 111136177379] [999989719199, 999994337393, 999994337399, 999994339937, 999995399399]
14 459582 309829 [11111353919191, 11111967997313, 11112517919791, 11113111739731, 11113279793131] [99998889317933, 99999673331933, 99999823393931, 99999823393991, 99999897191993]
16 1248360 788778 [1111149473137973, 1111159371119737, 1111159839931313, 1111169419313797, 1111213733971919] [9999986197993397, 9999986977799933, 9999986977799939, 9999988831339391, 9999996733319339]
18 2995515 1747155 [111115355913119197, 111121246739377319, 111121585391971373, 111122388937379731, 111122823717113191] [999998582317391939, 999998731191193199, 999998789713319993, 999999594193399799, 999999869777999399]
20 6487816 3492301 [11111271367119713197, 11111282689977337319, 11111296279199131319, 11111335213779719731, 11111345517133913137] [99999899873131939997, 99999941373931733399, 99999959337391933319, 99999961943771939339, 99999981913393993979]
22 12891190 6403374 [1111115985113179379791, 1111122327591137131979, 1111123986899733991319, 1111124984673333713137, 1111134256673713313131] [9999994175531137937333, 9999995251171117139993, 9999997995897331973339, 9999998662791971339339, 9999999619437719393393]
24 23546032 10654842 [111111959167911131137919, 111112279636719977791313, 111112294451793711113797, 111112663183119999719737, 111113235363173313119737] [999999675849731173999313, 999999736985379337993979, 999999828532999717199393, 999999834538333931939393, 999999863221317337991399]
26 39859395 16313363 [11111161928159777773379131, 11111161928159777773379137, 11111163878683317179797919, 11111168694547773373979731, 11111197835831717999197379] [99999994238143997113393799, 99999994678883979319933919, 99999995338679139373339993, 99999995583853971139991393, 99999998285329997171993939]
28 63366185 23506790 [1111112927648831133913313131, 1111113188649173111711197319, 1111113466619839137913313131, 1111114839662837339933731313, 1111114839662837339933731319] [9999999464384297711173993991, 9999999464384297711173993993, 9999999464384297711173993997, 9999999565755231771373999939, 9999999953386791393733399931]
30 94536116 31169931 [111111129276488311339133131313, 111111187438926777917933191313, 111111516231498397393399913197, 111111588283252971311773979137, 111111663859833713719399913131] [999999954897915973393933339919, 999999956133491371317979799939, 999999956475954133131319933337, 999999958826327319177137333939, 999999995657552317713739999399]
32 133210710 38674594 [11111115882832529713117739791379, 11111118242626819137373711313137, 11111122935663843179973371191919, 11111131453138697179779973373191, 11111132175392697799733119319191] [99999998823734853711791179999933, 99999998919448479911337911339999, 99999998982663947399373137333333, 99999999289175359393779733331339, 99999999588263273191771373339399]
34 179292782 46082072 [1111112253532545791377973977379191, 1111112412391628231131917199979731, 1111112555372823539779337779379791, 1111112573633348377393393771379191, 1111112934459366673319937919979797] [9999999626673211291373779991933999, 9999999685657498677931713793933133, 9999999734969586197739797993999999, 9999999875515872179319391999933331, 9999999893179322833733373731933393]
36 230069236 50776454 [111111129344593666733199379199797979, 111111233896697922973739371997197379, 111111238937698647333799731193319131, 111111242553924536773999773739319731, 111111256723214333737797311777197313] [999999979635129221317919997979199339, 999999979899662815977799337773391399, 999999996856574986779317137939331333, 999999996856574986779317137939331339, 999999998931793228337333737319333933]
38 282801540 52732304 [11111113849586422241137339771717913131, 11111113849586422241137339771717913137, 11111122922266343159777733377111191319, 11111123299272969897197317779733313191, 11111132133248368267179979339393973197] [99999998623714762953339913713737333333, 99999998715516598583973799979773939139, 99999998788833953117111339131933339139, 99999999527791497129133799799191393393, 99999999968565749867793171379393313339]
40 335816631 53015091 [1111111359786295586299177933193971379731, 1111111379145159267673391999319997973797, 1111111916625436488597117971779771973131, 1111112182272623228179111139373139319737, 1111112315665685114733131139931399973197] [9999999655728414388111911917199139331999, 9999999794831532921439991973971113339333, 9999999834326264381193371737311377393399, 9999999885723791777193797773131919993393, 9999999986237147629533399137137373333333]
42 385453125 49636494 [111111113597862955862991779331939713797313, 111111134642693959831191999733993793737919, 111111159341486886576739177999133311973191, 111111168945745446877937973119711737979731, 111111176685218331563119939337191319191919] [999999972951276812281117997971313179139933, 999999985888115694788933791713713119199333, 999999992938838881394733717791793773999339, 999999993229962141577931791791331333339313, 999999997948315329214399919739711133393333]
44 429924690 44471565 [11111112489263236921337117393197979971313131, 11111122131287876369931993339999193111913737, 11111131611583581383267791337371719319979737, 11111133634163394198823139373331739399191913, 11111136835855286897967999317777179139737919] [99999993296647373289837777197337793993333739, 99999994126773629547111737113339713319333993, 99999995861496974223867771931133739139339993, 99999996463382531954543133111371313799339133, 99999997646948313397979111397193931173391393]
46 469065469 39140779 [1111111316115835813832677913373717193199797373, 1111111368358552868979679993177771791397379191, 1111111685232311853161237777139131311139197919, 1111112318159196184322677717193911393931791913, 1111112443115388148967177911139111739793319137] [9999999279441353388698537933719797311173339133, 9999999535977668334622417791739399111939339313, 9999999617833649199729473119711193777399993399, 9999999822655779813896197379717793777133919939, 9999999827949922118865419111197339937719399339]
48 501062659 31997190 [111111147224256538694383113393337731397373131373, 111111155124478317512927191939377331993373791379, 111111234886323446761763739117997919737991131313, 111111252924862312255475379171173197939171319197, 111111332239898356261198337391331911997339373137] [999999893378955476512219731391919773179931933373, 999999897821356443953828371939113931117939133333, 999999922312954589984374117777337919717313339931, 999999922929847264852397337717173317913779931393, 999999953285812274237694193713977737773971339333]
50 526226878 25164219 [11111127711786183952581967997971797773313733919131, 11111135669756884344879129711791391977719993313731, 11111136533545776329297723799737997999331391731973, 11111137746656976492322541977373331799791319313191, 11111153442673812965842619777117333137193797979197] [99999986328653823796126983937713131171313133939313, 99999988831798189782497617319319991177139111939993, 99999989955194684851275719339111133779971997333939, 99999993834862699796776237193131791979119799997333, 99999998978213564439538283719391139311179391333333]
52 545752168 19525290 [1111113162665826861816819733993911119773199111797919, 1111113651337868369629694111919799331993991731731313, 1111115275689927988397638419377377999199139397319797, 1111115865338535725585959479311777393971191937979191, 1111117395338782987319955417139177111111379917979137] [9999998852532254822334622417791791313137771371397999, 9999999355847156323376569133773799131179117731339399, 9999999563482518276563572833393973397373133339339739, 9999999612435519697637978111793937933973997139139999, 9999999687787119438223984793739713719919331139333391]
54 560013571 14261403 [111111158653385357255859594793117773939711919379791919, 111111269151523326682979885977913717993377339933379191, 111111383353266524553283737339313377373371331337191319, 111111385769466135683494863119997377131999931173319131, 111111472578436353619888663737719339997397799131379791] [999999698924435936725969851971199193399939777991393999, 999999739227531522683844874771911317317339997917919939, 999999866519183151865361196799713931939993971313939939, 999999941191184233335896811933937739931377931319939373, 999999952443982659482938921373179319379737373193993979]
56 570097700 10084129 [11111131134741269714713346571131797313791773139133131919, 11111143385345218331268233619739797173979111137333131373, 11111149397972627258785818619973917313737933913317373737, 11111189664575638337968591689911179373799319339991191373, 11111222397231728965672356637379319339717193773719191979] [99999962863865129929979332213173137337313337199137333339, 99999968863979765734391869961973939313933997919917933339, 99999969448564973855492625873717973371791177733199997993, 99999993255689168928853416129777931137737137377733937339, 99999994348885275422682245417719191191917717113371399339]
58 577090494 6992794 [1111112498871566387626665796733333379933997977397991197979, 1111116745591652185793532868191371373991997311917313913737, 1111117686638832135642286373539197719339339773313197319797, 1111126598617873525692162478893377771191733917397373391913, 1111129619632776564684338623371319339377979377331791773731] [9999995312818528317353931973413177937971399111377179999133, 9999996285787269879254263568311919313797113111197197933393, 9999996526946575835479359372297191331739917979199779339379, 9999999694485649738554926258737179733717911777331999979933, 9999999943488852754226822454177191911919177171133713993393]
60 581663298 4572804 [111112549683524482623255569454711911737797717977373371191913, 111112681763265223875414757591739939131191979791191397931373, 111113582959241987192123934552971731339993771193113797173131, 111114732638139233548835186381793771779793979911131333191379, 111115355263861129268978938691337391399319373713731971337979] [999999835381296299183697157961339999737393339971777791393393, 999999856755327992883632236524119917333791191777717317399333, 999999857997135961189994759428977733799193139117939717997333, 999999889198785649632719537219799997373333111777139379393999, 999999952312681266353594359516199319999917939331779117933399]
62 584589583 2926285 [11111325729321925998111365489267779993173771313399199337113197, 11111326861133533637162325982971919771939371939139133377913137, 11111335958355997374562531886541911339193137333977919971919137, 11111347152215167368538723547479919317777913171173177137113137, 11111355197616866166479861298967719933971999179993371777391373] [99999881456284729718954826627823111733191933191911777193133339, 99999898295132277848338614351343399719379377131171773777333979, 99999958188914334874125123782173379333931973119991191373379399, 99999988576868263628236535176523399779773971793913193317939331, 99999992222428942939294139395829739373739973317179911913399991]
64 586432472 1842889 [1111128928316373637789469535875471117799393997931197797177997379, 1111133767366989555629799962435477977991973111379731991993319731, 1111133821931821343298684111361471731919931373931119397173397373, 1111161383299379642159862313226679717791179399339179393711391373, 1111173587938338557991391197226311177937999397177199137717191319] [9999995728287193926136959663283371193391333999333719711393393331, 9999995958587739337633358222924139137177913397333719911737933979, 9999997867747576793836191423893119333137993979917713791733939939, 9999997892138944955338368889236673373711377331971393937317933939, 9999998638769213831631927567928179793999377737733331317973999979]
66 587527364 1094892 [111112369775328563159834876248341339711391779139331719397937173137, 111112888119165242276425265658985979979131779971191737773713131319, 111119575351359857165849112539861979311997999711997131177393937313, 111121395815738394367259863631447331399939197933791131199133933131, 111122373565348262263398181523246739713933919337131117337777319131] [999998133523492893268148554952336773137717791737313193913311793997, 999998255735218999534281254768937331399717391393933731737117739393, 999998596667136886483241398492967931333739139717779999793313793793, 999998661839924821653299477628563117911731193773171997391739179339, 999998826923733545522644978498187373993717733911133737799719793993]
68 588161217 633853 [11111128881191652422764252656589859799791317799711917377737131313191, 11111236656899636368867895973655823177337971717319333991139997779131, 11111686718979385256616423946629423131911313391731977737919711913137, 11111775367395329566918868441268779397397337973999137999393917913197, 11112288362888589365832965265465883113777319979713377791711971913791] [99999881369827413135397484742297967777799793319179139197393931793999, 99999884862381154177428963969159629937799199997313193917119939133997, 99999898575353923597278865674112479993137719973117313313379779999799, 99999914623122351827882337986298619793119333379737339171737331999133, 99999985966671368864832413984929679313337391397177799997933137937933]
70 588525271 364054 [1111219452688991824677384657884529473139793737733739117971197173339731, 1111236892692159639839478353662827591777993137371931939999739373171913, 1111267156387726426858911953335292473191793197931977773197199797117913, 1111337676532125536749512686898926977931311319939311371999793337191313, 1111364923955612723553238428739132417979339799173377937137197191933731] [9999956574121831528991378262869356679119977917777391113311791337193339, 9999966536253723447583144669639815431391333391317799733333317339939993, 9999973173515893712392838815937542833917313991917917733931919133799933, 9999979269883559441929434292424645897111791371993999193773313791199339, 9999998813698274131353974847422979677777997933191791391973939317939999]
72 588723864 198593 [111113376765321255367495126868989269779313113199393113719997933371913137, 111129615378617612359537832673546867913937371791717399199199171999333137, 111138467553793235485768997926598374771199173119797179931993379991133197, 111171697144639279384647149693917637939913339119193719333993979791731973, 111172186389822178187817527517181817331779199937917977191717913733937319] [999986985936923131342632755112869554317197991773333133177913399713911393, 999987381635866148169578989494147125311373711131939939119339139973711399, 999992549294212165318164423854163841333737971339117793971197713999173333, 999992763288921679299946952359534896191931919191373937177717179311199999, 999997997226328126322453395932332868337337139913393773393199177173199193]
74 588829303 105439 [11111868729928695154996716223557679973911991937133737911399119997931997919, 11112198468118237353996266336879297819193939139939939371377913113397113737, 11115784836892957258724354483988325247311131917731917397733977973337719191, 11118561256689356751255413638337619819193973799797997131119313913193139137, 11119679912828989998741288876386225517179713131177197999313111711377333131] [99998251835739289566357946486475723889317173171799377913797373119739113939, 99998423585717846965829523252652833829391117317979791173939179171171113973, 99998496286236238396562383679854447811713133171739377333113939737773719133, 99998745127337413551435399367929525223711397171993973193793793377911339999, 99999979972263281263224533959323328683373371399133937733931991771731991939]
76 588885154 55851 [1112796239738738358219582191394734263793777337377937313919191171779719971313, 1113218382723863661842593697155293796619171919197339977999393919399773973131, 1113226393237562664756318969213596616899193317119791179931391319933739793973, 1113249433866289595572563655648931154673937313331133911177799773979393771791, 1113344421576549151393215679274398837717131191379179333191733713939719713197] [9999581793368862673539879815742117429613797977317933999317111917339973373379, 9999856796265315393568316391653116393673997739797379731913317113139773113193, 9999892562911624322661413225572214629293371973911731791937793371997971933391, 9999897863979353198468583189474458716113733197311339791391373737773399391333, 9999984235857178469658295232526528338293911173179797911739391791711711139733]
78 588913322 28168 [111291176836893795927153977775623323997333193719397313919777197733917373191979, 111326822598686245832491596348252228668999773177193393337173793917191371193913, 111328628423455628332463928463532623326171931131937713371139177777373197733373, 111335197165438749998729798941226386813199793371371977171793713977733799391197, 111362723669596259961665612936984229385397391933139117313199771333991377197131] [999869515616831353496956748325269563585391911991199131913999937117971999979931, 999881218795593153736881532683684816275911933331931979991197717313193993313397, 999921653325938595474652232381496927476737933393711133113973997773979911779991, 999927937451481389567296197283195643196771117377731397199993199333719173173331, 999949568259345869553344438375169895917333793933933339139397973199913177379397]
80 588927020 13698 [11132896643355752619953733164347256339961973397397993191137737911997971393177791, 11138763152988822222967675164575299737743373399777139179313717711119173933711137, 11164573924585284671853457683267958662341313379117139337737797933771793317733131, 11169892755693568424676616911763428254579137717131797977131711939137913391973731, 11182863217999232371788762458342824256883971933779997399911197733731313333177973] [99989925613356594766431955792524663118631199139391979997393139917139797773799933, 99995829561239919967213523329292978556937791133333711931999119939999333971919339, 99998265691238211454399163398655646933637993797137791333713971979977333931199997, 99998282548568788484525231521641266562313799719119311733773191711313133117199919, 99998431288943356233919876863942378338547137933377739371111379319399373733113331]
82 588933648 6628 [1113188428488971249267264383454759546634297133119731793339977119713197731771733791, 1117182798389364451557264512829766251729371713797973777999399199391973793333737379, 1121655535821836252846772332827786124228311173993113197319379971791971171119733997, 1122658256456831667592359512482179261633733917977791933919731917191377171191111997, 1123259225382117573444569832931432877765119331391391739193177377773797331171737113] [9998453368395895292487253299794876827428171713319939319317733999131713397373997333, 9998593954353972335447161323356726395355437719799179173317779131931119339931371399, 9999191283163623821811279837796922965428677791399773373913779779131399771919919913, 9999191283163623821811279837796922965428677791399773373913779779131399771919919919, 9999871478324285272215957786333186867242539399973179931179373373911913793373777933]
84 588936797 3149 [112336836636813741156996513296888922348895393733131971193333333739137111337339193113, 112482357294599829815382827553318156896822391733777799913397717933737397393397373119, 112829999232342179639896594518885526692531911193917911139993799939119111973397337731, 113515612919772652325755999459896291848728971791713191333393973911911397117393117397, 113865681465283622869196173811577818684711173117939917317991339993717397733117337991] [998654783179616748476225736428183449361961313137913999117137777391191111373911373739, 998783358291472815167882866585649275432442973399771177113317777199177197993171933919, 999211176171689848833393828183144431521648317711337979339779933311939199919313139997, 999543789998965954354335457983198813745427919331933177977179991773939793191999977397, 999865682872632959641537892311887296499963731997733311793377197911337313117711733997]
86 588938220 1423 [11263227653326758929532476327895917218328173373373119393133393711979971337993991913391, 11345223857535989861726586976338573394375459173319137779393339731971311939791311739913, 11473856386611288918124975553719147943371283391939373733171793377993397731911391137913, 11599861632542339827138368274163659667356661919179311333731173797737999913977373719997, 11647564457126315227945735363747593114636379397319191719199137779371779937737133991119] [99516696522472145155418953959536382351289931973793131393131379733711377917311993333931, 99832166716826141827374231862228465274964741199979373911131933119371131937999793997319, 99875297386311376369918717927255263676649353991137319111939937377933977337919933117131, 99875995932485265596698133653225992462952573711317119117331973717393317179933793117191, 99965286858597329655882924656673688836362759119931737131937939971177311971771973777999]
88 588938866 646 [1124912238222332213546827885374227567653672477797377117719791719973913171317117317711197, 1186571564553551941223693545473559495613481597733717313779317939931313739193119971399797, 1196762354236416686578295724469855929386186197933991919111973711173991391733993913179397, 1198391185525353172523786299962653818176126971339799333719939311171119911917971137979173, 1215834954986259579359915583483559531388657673979133393113193977933933973317137133973939] [9982756949826299749868323115914539415383962473793313313139719913779191739991797131717113, 9986322243875651553955982243965285685568772137977773177173979177111997373917713317397931, 9992328965232952956988989967996825963322773733917199371317397199917991797973317799731133, 9994443862451316659788113798218253687956317591993737113173937399191711991133333713737793, 9998321667168261418273742318622284652749647411999793739111319331193711319379997939973199]
90 588939186 320 [111967623542364166865782957244698559293861861979339919191119737111739913917339939131793973, 115929162152776875344639276259685663577545514333797133973733197999933913137973373797913197, 118867352998533621372531863768396815912188174773799111339331393391771717173979173373993191, 121291122265962136575625588838541923328338535399791731999371171719117711393331379113179393, 122358689519725269353534258632913539353413814717713913399711133797393313797973971917377199] [993352773125859591635715445346838652669396724117793333113137977713997173197711313973313933, 995264773597183622426558229979597171587944816131739117919119939331177111713711939997931793, 996439543789998965954354335457983198813745427919331933177977179991773939793191999977371193, 998935986736791187155777916724167592773437311177717773979997339919313973719117339939737913, 998953798538515839851592146392655739631365654191313793797779733331777111197117777911739739]
92 588939324 138 [13527846869166625419116395998463386881725234131973177311779339913333977931379997131339171799, 14324824299485397815695263895532126369414152729711319191993991173931199139771977731333799713, 17448357363963953596923441518549451215425726259397913999937139193779711993331933399111373137, 17838129989255976896123844351267492156583955889371379177117793339119911113339917371931171937, 18218414963186839199553165395979983513398347619773393731713911911397717339399737133397933139] [97378799882996888794993843366395258826843783917331799191771133739397173311771191371397719919, 98242527778842542635725298563582398919155265829371171177377313773371711719133777719199713739, 98765324625568974129289489895363318985918373853971373373919333997731711733913919197771773179, 99729998656828726329596415378923118872964999637319977333117933771979113373131177117339973399, 99792638836518591944165967495958578596558832467397731791913117379793973731339733133793373933]
94 588939394 70 [1486883448922919568658925663438853547738621241433113193937331711979317937191193391971739311931, 1893656593657295973783192832123386218566662432731993399177777139717771371177771939993193191317, 2235636553583536436866637821525987862666928548117177719937399197373771139333113779791379377319, 2251989865478317961674847622573642818344936196131313791399911713777739119111137391137373371111, 2343239972187253213592362915697834921256821678837799979713317373331191793379913177791791319119] [9693352893254663991584617989298752546245974281733111931713377171977999139171393939317917993999, 9812755728529651295813423872862365973332256217297397773373119739711771399711111179117777199393, 9853161916355379316722554465926886248962119468171917133379313737391331117193193399119117939317, 9895316852978322474674994249478319996259573623119733773173919771139719397331911111171919931973, 9923565391221298325318139654224117911777615955471133931919111319733939337117733379177311373919]
96 588939418 24 [132824252777884254263572529856358239891915526582937117117737731377337171171913377771919971373111, 142782912998925597689612384435126749215658395588937137917711779333911991111333991737193119773337, 179235653912212983253181396542241179117776159554711339319191113197339393371177333791773113739113, 265968834489229195686589256634388535477386212414331131939373317119793179371911933919717393113739, 273531619163553793167225544659268862489621194681719171333793137373913311171931933991191179397917] [856876835965138143315637163355112973257872563954319373191771999173131997933333979999199377917171, 883324472458416195425265659383292679985698353567937797319139777131997999719779971779733179713711, 927548387926866794686354589823287168324745659877939197779711197313179719333773733399979331771391, 959169574798893335336347832269856423281766355481171779999177733931733191319337931337311917933993, 985169574798893335336347832269856423281766355481171779999177733931733191319337931337311917933133]
98 588939433 15 [16568768359651381433156371633551129732578725639543193731917719991731319979333339799991993779171737, 17596742869619884432721391145374777686825634291523771171391111313737919133977331737137933773713713, 22659688344892291956865892566343885354773862124143311319393733171197931793719119339197173931137391, 26568768359651381433156371633551129732578725639543193731917719991731319979333339799991993779171739, 28568768359651381433156371633551129732578725639543193731917719991731319979333339799991993779171711] [66981275572852965129581342387286236597333225621729739777337311973971177139971111117911777719939333, 69591695747988933353363478322698564232817663554811717799991777339317331913193379313373119179339931, 75328242527778842542635725298563582398919155265829371171177377313773371711719133777719199713731133, 92659688344892291956865892566343885354773862124143311319393733171197931793719119339197173931137397, 92735316191635537931672255446592688624896211946817191713337931373739133111719319339911911793979179]
100 588939443 10 [2926596883448922919568658925663438853547738621241433113193937331711979317937191193391971739311373977, 3327353161916355379316722554465926886248962119468171917133379313737391331117193193399119117939791799, 3669812755728529651295813423872862365973332256217297397773373119739711771399711111179117777199393333, 4753282425277788425426357252985635823989191552658293711711773773137733717117191337777191997137311337, 5285687683596513814331563716335511297325787256395431937319177199917313199793333397999919937791717117] [5314278291299892559768961238443512674921565839558893713791771177933391199111133399173719311977333711, 5538332447245841619542526565938329267998569835356793779731913977713199799971977997177973317971371971, 6175967428696198844327213911453747776868256342915237711713911113137379191339773317371379337737137139, 6317923565391221298325318139654224117911777615955471133931919111319733939337117733379177311373911333, 9317923565391221298325318139654224117911777615955471133931919111319733939337117733379177311373911333]
102 588939449 6 [129265968834489229195686589256634388535477386212414331131939373317119793179371911933919717393113739771, 152856876835965138143315637163355112973257872563954319373191771999173131997933333979999199377917171171, 161759674286961988443272139114537477768682563429152377117139111131373791913397733173713793377371371397, 261759674286961988443272139114537477768682563429152377117139111131373791913397733173713793377371371399, 593179235653912212983253181396542241179117776159554711339319191113197339393371177333791773113739113337] [152856876835965138143315637163355112973257872563954319373191771999173131997933333979999199377917171171, 161759674286961988443272139114537477768682563429152377117139111131373791913397733173713793377371371397, 261759674286961988443272139114537477768682563429152377117139111131373791913397733173713793377371371399, 593179235653912212983253181396542241179117776159554711339319191113197339393371177333791773113739113337, 761759674286961988443272139114537477768682563429152377117139111131373791913397733173713793377371371391]
104 588939451 2 [57617596742869619884432721391145374777686825634291523771171391111313737919133977331737137933773713713917, 91617596742869619884432721391145374777686825634291523771171391111313737919133977331737137933773713713973] [57617596742869619884432721391145374777686825634291523771171391111313737919133977331737137933773713713917, 91617596742869619884432721391145374777686825634291523771171391111313737919133977331737137933773713713973]
