3 63 59 [127, 131, 137, 139, 151] [929, 937, 953, 971, 977]
5 557 494 [11273, 11279, 11311, 11317, 11393] [98779, 99371, 99377, 99713, 99719]
7 3390 2833 [1112731, 1112737, 1113173, 1113991, 1113997] [9985973, 9987737, 9987793, 9993713, 9997133]
9 16108 12718 [111239197, 111757913, 111859313, 112151731, 112157791] [999439939, 999673799, 999757739, 999829793, 999859739]
11 62915 46807 [11121577913, 11122277791, 11122291379, 11122397791, 11125771973] [99989533999, 99994399331, 99996737993, 99998297933, 99998297939]
13 204815 141900 [1111222777913, 1111222913797, 1111257719731, 1111867711319, 1111885913737] [9999785719991, 9999833119937, 9999895339979, 9999895339991, 9999982979333]
15 582157 377342 [111112227779131, 111126331313737, 111126659311313, 111126659311379, 111129157139131] [999992857991333, 999994233139739, 999995223793373, 999996151139339, 999998953399913]
17 1460073 877916 [11112237511133797, 11112541399799731, 11112541399799737, 11112578779799737, 11112611519939737] [99999833311993793, 99999859377133393, 99999922279937399, 99999925717939931, 99999928579913339]
19 3243938 1783865 [1111128373377713737, 1111128382197113737, 1111163582179373731, 1111174645799191973, 1111179915713791919] [9999985577311993993, 9999987667333939391, 9999989222739773333, 9999994967377991339, 9999996852379993313]
21 6576683 3332745 [111112349373993173191, 111112791359133113731, 111112944223913137379, 111113814359199113797, 111113987877993719137] [999999119433113393339, 999999387877991333333, 999999536739191993999, 999999541131193939337, 999999892227397733333]
23 12269845 5693162 [11111265238273913737979, 11111326757271339337379, 11111451382571377919131, 11111534696731313191313, 11111562636739317779197] [99999939431397739393393, 99999943378539331199399, 99999951245779771931399, 99999952622777371913993, 99999976597511197997399]
25 21109868 8840023 [1111112652382739137379797, 1111119286123917793373797, 1111119779997133133131973, 1111123476637933371119791, 1111123476637933371119797] [9999995192633131711937939, 9999997736752399919399993, 9999998164127131399199999, 9999998491342177711199399, 9999999512457797719313993]
27 33937427 12827559 [111111321225757171391737373, 111111364628631177739313137, 111111523622359977397313797, 111111684977577319993373737, 111111865978821111317137379] [999999731363739799711739993, 999999789277953131971373333, 999999852262337197717199333, 999999868332173991319973393, 999999995124577977193139933]
29 51222144 17284717 [11111156958538273719331319731, 11111158354694399171171131313, 11111163536548539373391191979, 11111163875923593117799973191, 11111185668831391131979313131] [99999979865535573791197399199, 99999981275525577717739999931, 99999992828866593377179999373, 99999995684167733739373939373, 99999997313637397997117399933]
31 72882344 21660200 [1111112171214125113713137797373, 1111113667988775731317931797373, 1111115292523952391771391373731, 1111115351896823391339917731979, 1111115826989285797133771197373] [9999998812724743113177391937933, 9999998929722367793133199799339, 9999998986648593777993917999939, 9999998994161137991331917333993, 9999999812755255777177399999313]
33 98529948 25647604 [111111152925239523917713913737319, 111111172975324229391777179737379, 111111346732889223371771179919737, 111111417932345359171997197379737, 111111427311822431773311713131973] [999999881434572859191199111939997, 999999892799898653331977131337993, 999999896232583359919173919913339, 999999966414198659939791939999993, 999999985171983151131797117339933]
35 127084753 28554805 [11111114396359726591191991919737373, 11111126693386716319797997339313737, 11111139499982727737171997719737919, 11111141458692756591773137973797979, 11111156587783592297199971731379791] [99999988494348926539777111777393799, 99999989415298148593779113131331999, 99999989955625464579979117939733993, 99999991599831331319917397119999939, 99999992364616487739337173193333391]
37 156758597 29673844 [1111111394999827277371719977197379197, 1111114863756678755711993719973797919, 1111115858356734525177999131311313791, 1111118922845194565971339317373379197, 1111121382271428373377719177739779731] [9999999365283218543113997777933993333, 9999999514977884113119139139179397399, 9999999835862536182179737371133993919, 9999999856629466423917919719379337333, 9999999894152981485937791131313319999]
39 186419351 29660754 [111111266846556973823779179333919319791, 111111347236439371523371337973973979131, 111111349945821595359799337799919373137, 111111361356986235521733313719739319197, 111111379335389762631717733773913913797] [999999928815827964257199379797317993993, 999999941242182986739139779999919339933, 999999976918267117227197991713999339993, 999999989396112153379739337991939933139, 999999989433553385359113997311791939939]
41 214950329 28530978 [11111125117311395823531313391119111913731, 11111142394113528546771777117979799737919, 11111147935995366948271399373773373791973, 11111154542399485482231997933911737131379, 11111163213764815321313171739733391131379] [99999991156513562375211733771173313337393, 99999991294627361181517973339711119333193, 99999992665512571121517319919131331333393, 99999993163376566295231991791733179399399, 99999995322142969928591739311919373199933]
43 240637956 25687627 [1111111423941135285467717771179797997379197, 1111115183922422622365997131997331999313737, 1111116586713644499425719713733377199313797, 1111119368359356194327199377139319919197319, 1111121594426238535163199191319731733179791] [9999999782795834466235399991737991177339339, 9999999813535465126115199391371731779337993, 9999999823318599128272711793917731973339979, 9999999926655125711215173199191313313333933, 9999999931633765662952319917917331793993993]
45 262923404 22285448 [111111151839224226223659971319973319993137373, 111111165867136444994257197137333771993137973, 111111368283218634332227733719931313779197373, 111111619964968812646433339711719799339191373, 111111633615325971218773993317313199999137913] [999999958686741272335457797771319379719999933, 999999986194948948392227139711339771973133993, 999999988323294665795151199979113737139993973, 999999992212588982733827337177917191939333333, 999999999266551257112151731991913133133339333]
47 281570703 18647299 [11111136121115526459258217199333779797719791919, 11111158341354855547298213713771777937711197373, 11111161733817193436328771991133319313199791319, 11111162857525955698888397737911371333179313131, 11111192235931578166869539973713717331979919191] [99999985687268729222657571171919331993719939333, 99999987234756259169138299939137173373733997399, 99999989966185344819176733133931171739997139933, 99999999586867412723354577977713193797199999333, 99999999922125889827338273371779171919393333333]
49 296181620 14610917 [1111112873629663899869272777999193919973717313737, 1111115545369886482567222771131139971393313979131, 1111116656219298217344213133711917313719713131979, 1111116959162513623926975799739799391393799737373, 1111117559148963358226787799977799331979119137319] [9999998778946492238874382197337977393719917393993, 9999998968636184838659152173117939113391193393993, 9999999546884221973518373377777199373973333339313, 9999999718269285368559233111113371973971911333939, 9999999872347562591691382999391371733737339973993]
51 307329592 11147972 [111111581865896873875492479399117177977913391973731, 111111594369131295993295659799739731771339939913197, 111112136697399531255187421933737933139797331731319, 111112253284925544783869751199973197319973177179191, 111112292856953952496959337733197119193917797797913] [999999819352658978617412229131917393797313997933933, 999999868792928338832419223397717139731977719939931, 999999959666921266435225977137177739939399197399399, 999999974773922134688637953733711739913719733339933, 999999989686361848386591521731179391133911933939939]
53 315538254 8208662 [11111244388626565576415911279311991111397117973937373, 11111281983676389688762852511919913931971133991779737, 11111299647896838386699527397199931313733737931119731, 11111334385984863825943364333191917773333137399313791, 11111355816863613415566626317139979133333393377937379] [99999928765988521586813197397139313131117319117331393, 99999951425326742424673422279397337113197371311991393, 99999954425633262978686227277197117193791977733339399, 99999983348522299335428393739797973939711313393133393, 99999985257526149565827338273371771797997391911999313]
55 321235979 5697725 [1111113343859848638259433643331919177733331373993137913, 1111117538243263237249152752117193179331919111133797973, 1111124829888613896147549285973939733393391191919397973, 1111127389621776851386987565911191137119979391393713197, 1111128535536267171265472535919911133737799117391737919] [9999995592388377368599952482993137991339797797137993333, 9999996588194143213883872735977937179771137777179733333, 9999998322182892522692826373979773131117917391799933313, 9999998337326646413261688313911197739919339377139333937, 9999999514253267424246734222793973371131973713119913939]
57 325147927 3911948 [111111355917567531432437632557931139393719939973119319797, 111111552995597398765543624853979371733339331799177731979, 111112838713146137842958863673931173737771937713793791319, 111113782387426745837799935739713337393191799119173919131, 111113842886836467617633823751791913139171733737731913191] [999998693832895668525358185257913191137113319791931933933, 999998693832895668525358185257913191137113319791931933939, 999998865148649811962837477557797399137139171779913133319, 999999626571553692873743456937133973977197997917791333933, 999999933845395356192724285251173977111137991993919399993]
59 327757057 2609130 [11111266238983172849833826246771113193793777937373793713737, 11111266987211284981859954834211937331939991173339979931913, 11111353229586539762823113131379733711179739173777373931919, 11111357854671893688937514897571391193313373991391777991973, 11111392818561553197914497352291339191393711339111177379791] [99999858931324943184245548695213977779997117937377971933999, 99999885351412892942633686626317139337377779793191311199933, 99999885351412892942633686626317139337377779793191311199939, 99999887699984929437859192921577799937393191997999317773993, 99999913529895896991499239395219939939979337193797717139933]
61 329396438 1639381 [1111121589358869816763783849222799937939917779737131913991979, 1111128182551589493296686784373399717373397911171711137931913, 1111135986678262725952535995855719979777137337991933337331979, 1111137186327952277438376437923991111791397379199733991397373, 1111153262481387889555884225327717739111719379911193737937373] [9999969331972681175955991959835373137137319379197717399979999, 9999972594265985286278852538422399171371397773737777377339999, 9999977167358382239381324838622337177111737917973777391993999, 9999988798242659531537138323267371973779993397937397177193397, 9999993232185447391623524558837377113713977999197931913333999]
63 330412262 1015824 [111111632494563623463839471981853919791913797139331331799379197, 111112894532683226988238439438659917393971773331731973999191379, 111113596624758585391329295535659791313311731197113773313179197, 111117886927162753673743435845673797917391713739791337371131319, 111121584159833824298727893229757797373371737937133319117317373] [999997947319635112386684251743937179177993373191131377799799931, 999998224917767521526915327968239333913711931971777919379731393, 999998915187338618668725556771151919337179337177399933993337993, 999999316485621759182753945593431999793917179377391313313733333, 999999693319726811759559919598353731371373193791977173999799993]
65 331016421 604159 [11111455816739623424673623275918773393731931391731799793311919731, 11111455816739623424673623275918773393731931391731799793311919737, 11111467143732285626565638339837277399773379991719779337319379131, 11111649288635393272338356812421739311137917971133971391793979797, 11111894355359313798268642552155711371139931773799333917393773197] [99999597926858466814996248983357731339777133337799391777911333793, 99999615254897679823956593538664333311997991377137173137117999379, 99999686536959457523368594883661511331113779971399993391937313999, 99999842596731947958455667323237511919117377717991933173739993799, 99999893869797671291388127279374311993171331771937939793797973939]
67 331362131 345710 [1111165784523997285414255962889325793197731733799119393193339991319, 1111185919253885523113955399142243911917937399977737717793933131913, 1111257153774835354524286561345515177337917111713199379799179111913, 1111289272562644651622376345666817991391731711371171339713391711919, 1111359558981458412647376559946282797779119133177197179377173371973] [9999926574797236978958813296626213791313939371317731977713711379399, 9999974314263853364648383273877633111999393177711193139373199793373, 9999984653135564877395375196337975717399717399917939913111399993319, 9999995293885331616575384426642957177137391791913111911193737333739, 9999998938697976712913881272793743119931713317719379397937979739393]
69 331558348 196217 [111128592296566913952295645219569277937393199377973777933139117193137, 111129341581239728498843893485953271733719939337339177131777313793131, 111144632479742472674919691967567659777137719973377113713313331731919, 111169186528755352675811248746534677131773391193739917799191193391379, 111169845615349939897427853464359229719117779393197319911719199393797] [999983511698979971544159399986235521733317999393739319119797191393937, 999984559266269412657485393235223139317119739139771397197999731991399, 999998576576166823469293925383376227317933713997191797371931377733399, 999999743142638533646483832738776331119993931777111931393731997933733, 999999989386979767129138812727937431199317133177193793979379797393933]
71 331666024 107676 [11112763857893261612258426836631968213373193197777113917397931919119197, 11116619835946229345123416489981852579131391193719911379133931131371313, 11125714649639398763399567325572441737939777911333939973939997931371131, 11125751663216586891815231383286475217397919111193117397117179977371191, 11126642945459756326491915659376323599399993111771779911731333911799313] [99997651863163958572957471973876821737339311713791999113793113117993339, 99998216998846834322664466868135238593113337993313711371993199911771993, 99998634338955123135134683915965236599917999937373399393997137971337399, 99998639694896586379285633318568624337179913393313793937979999399973999, 99999684269887519211763537268461598297399777117973737771793131711319339]
73 331722682 56658 [1111949548899713293532885676334976135973397193191117139973311317711739737, 1111996952668613142565623375559343482993113119339319179977173191331337913, 1112379385348439513869535773575684997191771777797333113771377337939931197, 1112555171628968265617386662461914373399117933193999197371311933791317319, 1112612667132599228666381338759582522917771333399333997773179391131717131] [9999562695117993222638792328495718333779971993197997397917391371991971993, 9999653725889859498918914726465989637937139173797397171973117713793939337, 9999695295358182839987958429639535382731997399771793739911771119773793393, 9999889195398981367118649185841662215177939177733171131191713997339773399, 9999986396948965863792856333185686243371799133933137939379799993999739999]
75 331752511 29829 [111126413256259638515532227525932363739793793197919191131391931191119911319, 111165632522191639722185881725522723727793117199717179199339139173173999737, 111174723326919593649924569748131258359719391797913339771331911973371979131, 111177194867926898333262796366256838953373113939911137339191173791331979197, 111189542489592849523889966181748264277397331971399713137997913919333111373] [999967333268511981182683812216689868421137193339793737117391731913799793399, 999971275673725554881924155542334351823391797717173719979317711939931139333, 999975159812533654628344532869944887877979373193113311377119197933793779799, 999979276185986568223343222624353617421979979997737719179173971177393999993, 999995626951179932226387923284957183337799719931979973979173913719919719939]
77 331767610 15099 [11114659823539213822234529812682297994219993779793197399113739913977139997373, 11132327183898449559448332228869334942773919793179713133119193779177191973797, 11147565538394952955217982253464519445233793177717177973779111971331197331319, 11158378346535984281886194957339996998297993993977173999793193731191177317379, 11161872751592345818545122284933732949537737137377177977113193979717339719919] [99994936143151342785423185583954887879537731399311131939391311393991993973373, 99995427319219542729539592635696417956311713191933193733773317733371399399999, 99997649352232324244734892846633775244579919179391777119919991919371311173733, 99999665984789964749663873962937958382231191111331937799737371337733193399739, 99999673332685119811826838122166898684211371933397937371173917319137997933991]
79 331774739 7129 [1112327386562529238195185397932681829757739193371391371991377773917371791191319, 1115389739582326962699184577293986483582119717739971399933993337311373771379373, 1115828317686818667348981699628724965785777371131933393739391379933799777177137, 1117685788256235469877182398539559388915717793731977931713113111979717197731979, 1121689282662646357853341868453429249235999373999711199773739733773793117393113] [9997893635227234597639524213159862235327713711373713333973797117177171931977933, 9998159127786886165361319594231288275527117317979377731193991913777779993393391, 9998623592385239837297453721893534779743179373393199117113333931911331377937333, 9998939842439563796395545751527629928217379733193177793313319913119311999997979, 9999133762511814625597929516837829279213979391979331711137917771371317311319331]
81 331778143 3404 [111798631563265892275145868571326283636673339713377137379191139797719937999791319, 112923328725763794961334691229161848616859777391171731393731739337911173793979137, 113677256335229198563793236535232256467823397917171733979137199793397797997379931, 114231468339132325989572779537989323148677119319391731397737339719177337971933313, 114235499132476723659354771529347137533421137771973911973719139973973371311173319] [999794798333773844691722819662515779168137131997797339937373793311997139377991399, 999946929355323135826477533563123298367521179799771919337913377311791313911913979, 999981591277868861653613195942312882755271173179793777311939919137777799933933919, 999986235923852398372974537218935347797431793733931991171133339319113313779373333, 999991337625118146255979295168378292792139793919793317111379177713713173113193319]
83 331779646 1503 [11184462681535435471932563931263281853242293917937991119997191973773379777173733313, 11273868149167284848597255471277385943122291391917337791317993139931713991999717137, 11342149223791689627931632483916468286136313993777717731773173111133399779777311331, 11667347942337176893873827498479232319723593937719993711737999337917919711331171379, 11718362837419291812591672869178935776864319977373339773199977739993791917317311373] [99724999454573245533642312797339421882933311313799939913393371973771711731197317333, 99826235734283162589839492953697296714333311913791771397937779917911117939713717931, 99883124627983632593536472688799963874231511337739399331139197193119991377391731733, 99891976682476597224223465994797372656778277399171773979733399131711311313191719179, 99959466838426931232834333487127579254623593931971197139339371371177993393197173333]
85 331780334 688 [1188343588967712954678342373778385882223695399171117337373933331139371137973171777337, 1235833893257387264423271488266616183378952311773171137997191319773333191179199311777, 1254228451694187413167116685954138952781582177797373719373797131111731731737799773919, 1265347834995998422384525269261989592152765977737979933397917979731171311991793131139, 1272142399871844638692618418111982881889315731319797799739311337939191377373393911333] [9959958872384952221468966559574612622597382737791177717991313331713131177791319133173, 9977839526477335317311225962296328748949565979791977119991977373717939333799911993131, 9986876238231649349674682633587184292543217399377333337773911393173799997197377779733, 9986876238231649349674682633587184292543217399377333337773911393173799997197377779737, 9992998623592385239837297453721893534779743179373393199117113333931911331377937331939]
87 331780646 312 [113495799496231165686351386519288968985534773779119119773777199397979191999917917193319, 119232616996592853783264389622918477995496877191137731139911931777971317131997311313991, 126359535263917183767272348589493292421968631199993913333373139931717777313131997919177, 126438581475456241733196994242724358387536227337717973339937113931131977733773117793917, 131468495845321258768764978841783716961898431797197373999199739117793197991777799999177] [993717355358453842949381729338351144323235677913719191339719917997319193733191191137393, 994456748427523552643665555489327139294276673337797191339913173179971137791993931199713, 997653899697593351818569596267931895544343271717139711733339313371939397937173397937193, 999868762382316493496746826335871842925432173993773333377739113931737999971973777797337, 999868762382316493496746826335871842925432173993773333377739113931737999971973777797339]
89 331780778 132 [12482382157387611823537358967349637197653899377331119979731393937771391131171939997317933, 13258261578216737475924669826775969313689233311917391397399179713977771379991173771779177, 14365929596959895282961388383737233498349621379971919933393119119117313117919739391971379, 14835653886338314532276634554925934178327991393393111313197337713131713137313137377391179, 15576548852988971222251555785363262365544951511713379197799379971397737737191791119317719] [99363821615343918869341622188633655778626976733939717937199371171931399179937319911793933, 99759525386745435969946124148655958636388932719377939311719313731133393919173797719171139, 99893165666333582288813235414488927116217721313979131311371973779793171779799999179179739, 99921796361383256926223332958394629166837187739977939333711937913797793191979779979139199, 99998687623823164934967468263358718429254321739937733333777391139317379999719737777973399]
91 331780824 46 [1689533827176778332399656143667332656323457682393111193793393393739333317399979919139719911, 1821989562612222626643458638436922617512276927793977113191137371797173933791911399373799979, 1992269957479183989559882545262841789291161752397119979713711797377779713139939191113391137, 2124823821573876118235373589673496371976538993773311199797313939377713911311719399973179339, 2156336319276749836398726287836214849551491185931337717779779133911339399139919991139733717] [9319282379621185596627552393225334439531916585737117197913339113737373973377113979737117197, 9343659295969598952829613883837372334983496213799719199333931191191173131179197393919713797, 9723914286935534952898281986438566399226245693713397379391937717333177319717731733313731771, 9732177698589333558363788895382469227553685927177319913739337791377173133179331737977317779, 9816243716559328724423313742166815649412332327173797793179933777379339773337373319917113919]
93 331780848 24 [193436592959695989528296138838373723349834962137997191993339311911911731311791973939197137977, 226619895626122226266434586384369226175122769277939771131911373717971739337919113993737993917, 286798538948795278448173682276592659881848252457111133319191377317711973773717171133791317717, 288281767867925527816689267556672586357433618257113737919311171979991339177371373999937371111, 334948663839297455155866717955389552517458413631397719737737779131737377177179791319391339119] [888338743832924485458216838156556952757622212859137731179919173117131177179919771133173339717, 893192823796211855966275523932253344395319165857371171979133391137373739733771139797371171971, 893436592959695989528296138838373723349834962137997191993339311911911731311791973939197137971, 928619895626122226266434586384369226175122769277939771131911373717971739337919113993737993317, 988338743832924485458216838156556952757622212859137731179919173117131177179919771133173339717]
95 331780861 13 [18883387438329244854582168381565569527576222128591377311799191731171311771799197711331733397179, 22882817678679255278166892675566725863574336182571137379193111719799913391773713739999373711117, 25496859159868459332248532253895368665596893412391339199371333779371911739973937319977111319111, 28782198956261222262664345863843692261751227692779397711319113737179717393379191139937379997931, 28782198956261222262664345863843692261751227692779397711319113737179717393379191139937379997937] [57272773498973818496284222242238165894831729826597379973793979337799317131999317777719771399717, 58372532685462395593127598926968626895977873595773733779399113971331337117393311339971331111371, 68883387438329244854582168381565569527576222128591377311799191731171311771799197711331733397173, 75496859159868459332248532253895368665596893412391339199371333779371911739973937319977111319119, 89883387438329244854582168381565569527576222128591377311799191731171311771799197711331733397173]
97 331780864 3 [1287821989562612222626643458638436922617512276927793977113191137371797173933791911399373799979319, 4188833874383292448545821683815655695275762221285913773117991917311713117717991977113317333971797, 7228828176786792552781668926755667258635743361825711373791931117197999133917737137399993737111177] [1287821989562612222626643458638436922617512276927793977113191137371797173933791911399373799979319, 4188833874383292448545821683815655695275762221285913773117991917311713117717991977113317333971797, 7228828176786792552781668926755667258635743361825711373791931117197999133917737137399993737111177]
99 331780864 0 [] []

