1 2
2 3
3 5
4 7
5 11
6 13
7 17
8 19
9 23
10 29
11 31
12 37
13 41
14 43
15 47
16 53
17 59
18 61
19 67
20 71
21 73
22 79
23 83
24 89
25 97
26 127
27 131
28 137
29 139
30 151
31 157
32 173
33 179
34 223
35 227
36 229
37 233
38 239
39 251
40 257
41 271
42 277
43 331
44 337
45 353
46 359
47 373
48 379
49 421
50 431
51 433
52 439
53 457
54 479
55 521
56 523
57 557
58 571
59 577
60 631
61 653
62 659
63 673
64 677
65 727
66 733
67 739
68 751
69 757
70 773
71 821
72 823
73 827
74 829
75 839
76 853
77 857
78 859
79 877
80 929
81 937
82 953
83 971
84 977
85 1117
86 1171
87 1193
88 1231
89 1237
90 1291
91 1297
92 1319
93 1373
94 1433
95 1439
96 1471
97 1531
98 1597
99 1613
100 1619
101 1733
102 1831
103 1973
104 1979
105 2111
106 2113
107 2131
108 2137
109 2179
110 2237
111 2239
112 2293
113 2297
114 2311
115 2371
116 2377
117 2411
118 2417
119 2437
120 2473
121 2477
122 2531
123 2539
124 2591
125 2593
126 2617
127 2671
128 2677
129 2711
130 2713
131 2719
132 2731
133 2791
134 2797
135 2833
136 2837
137 2897
138 2971
139 3119
140 3137
141 3191
142 3299
143 3313
144 3319
145 3371
146 3373
147 3413
148 3433
149 3533
150 3539
151 3593
152 3613
153 3617
154 3671
155 3673
156 3677
157 3719
158 3733
159 3739
160 3793
161 3797
162 3833
163 4111
164 4133
165 4139
166 4177
167 4231
168 4297
169 4373
170 4591
171 4597
172 4673
173 4679
174 4733
175 4793
176 4799
177 4831
178 4973
179 5113
180 5119
181 5171
182 5179
183 5197
184 5231
185 5233
186 5237
187 5297
188 5413
189 5417
190 5419
191 5431
192 5437
193 5471
194 5477
195 5479
196 5531
197 5591
198 5711
199 5717
200 5737
302 9973
303 11273
400 27337
600 62297
796 99719
797 112913
800 113731
1000 236771
1200 327979
1400 454711
1600 581177
1800 691997
2000 831191
2200 935399
2325 998399
2326 1112731
2400 1342139
2600 2175191
2800 2637931
3000 3223919
3200 3713999
3400 4422391
3600 5217991
3800 5685971
4000 6343133
5158 9997133
5159 11129191
8000 43159777
12000 91197377
12975 99973919
12976 111239197
16000 328653977
20000 613271999
24000 895521331
25693 999859739
25694 1111291913
28000 1823413133
32000 2888117311
36000 3793673119
40000 5189239117
44000 6256311977
48000 7363613377
52000 8596379977
56000 9562677119
58044 9999733399
58045 11121577913
60000 15491513977
64000 23793739999
68000 29822777711
72000 36491397193
76000 45132779399
80000 53796779717
104851 99998297939
104852 111112919131
160000 574341777199
212668 999995399399
212669 1111222777913
240000 2897327139373
320000 7987673917777
354568 9999982979333
354569 11111353919191
400000 25468679139373
480000 47522473397131
560000 69512913739939
640000 94723871973971
664397 99999897191993
664398 111112227779131
720000 256186229733391
800000 429368373793739
880000 628673353311919
960000 833663127733999
1040000 996917757377933
1041739 999998953399913
1041740 1111149473137973
1120000 2196573191171971
1200000 2943585197179993
1280000 3698323191913391
1360000 4764381193371997
1440000 5733859437979111
1520000 6622724139337331
1600000 7637532731777791
1830517 9999996733319339
1830518 11112237511133797
2708433 99999928579913339
