1 2
2 3
3 4
4 5
5 6
6 7
7 10
8 11
9 12
10 13
11 14
12 15
13 16
14 17
15 18
16 19
17 20
18 21
19 22
20 23
21 24
22 25
23 26
24 29
25 30
26 31
27 32
28 33
29 34
30 37
31 38
32 39
33 40
34 41
35 42
36 43
37 44
38 45
39 46
40 47
41 48
42 49
43 50
44 51
45 52
46 53
47 54
48 55
49 56
50 57
51 58
52 59
53 60
54 61
55 62
56 63
57 66
58 67
59 68
60 69
61 70
62 71
63 74
64 75
65 76
66 77
67 78
68 79
69 80
70 81
71 82
72 83
73 84
74 85
75 86
76 87
77 88
78 89
79 90
80 93
81 94
82 95
83 96
84 97
85 98
86 101
87 102
88 103
89 104
90 105
91 106
92 107
93 108
94 109
95 110
96 111
97 112
98 113
99 114
100 115
101 116
102 117
103 118
104 119
105 120
106 121
107 122
108 123
109 124
110 127
111 128
112 129
113 130
114 131
115 132
116 135
117 136
118 137
119 138
120 139
121 140
122 141
123 142
124 143
125 144
126 145
127 146
128 147
129 148
130 149
131 150
132 151
133 154
134 155
135 156
136 157
137 158
138 159
139 162
140 163
141 164
142 165
143 166
144 167
145 168
146 169
147 170
148 171
149 172
150 173
151 174
152 175
153 176
154 177
155 178
156 179
157 180
158 181
159 182
160 183
161 184
162 185
163 186
164 187
165 188
166 191
167 192
168 193
169 194
170 195
171 196
172 199
173 200
174 201
175 202
176 203
177 204
178 205
179 206
180 207
181 208
182 209
183 210
184 211
185 212
186 213
187 214
188 215
189 218
190 219
191 220
192 221
193 222
194 223
195 226
196 227
197 228
198 229
199 230
200 231
201 232
202 233
203 234
204 235
205 236
206 237
207 238
208 239
209 240
210 241
211 242
212 245
213 246
214 247
215 248
216 249
217 250
218 253
219 254
220 255
221 256
222 257
223 258
224 259
225 260
226 261
227 262
228 263
229 264
230 265
231 266
232 267
233 268
234 269
235 270
236 271
237 272
238 273
239 274
240 275
241 276
242 277
243 278
244 279
245 282
246 283
247 284
248 285
249 286
250 287
251 290
252 291
253 292
254 293
255 294
256 295
257 296
258 297
259 298
260 299
261 300
262 301
263 302
264 303
265 304
266 305
267 306
268 309
269 310
270 311
271 312
272 313
273 314
274 317
275 318
276 319
277 320
278 321
279 322
280 323
281 324
282 325
283 326
284 327
285 328
286 329
287 330
288 331
289 332
290 333
291 334
292 335
293 336
294 337
295 338
296 339
297 340
298 345
299 346
300 347
301 348
302 353
303 354
304 355
305 356
306 357
307 358
308 359
309 360
310 361
311 362
312 363
313 364
314 365
315 366
316 367
317 372
318 373
319 374
320 375
321 380
322 381
323 382
324 383
325 384
326 385
327 386
328 387
329 388
330 389
331 390
332 391
333 392
334 393
335 394
336 395
337 396
338 397
339 398
340 399
341 400
342 401
343 402
344 403
345 404
346 409
347 410
348 411
349 412
350 417
351 418
352 419
353 420
354 421
355 422
356 423
357 424
358 425
359 426
360 427
361 428
362 429
363 430
364 431
365 436
366 437
367 438
368 439
369 444
370 445
371 446
372 447
373 448
374 449
375 450
376 451
377 452
378 453
379 454
380 455
381 456
382 457
383 458
384 459
385 460
386 461
387 462
388 463
389 464
390 465
391 466
392 467
393 470
394 471
395 472
396 473
397 474
398 475
399 478
400 479
401 480
402 481
403 482
404 483
405 484
406 485
407 486
408 487
409 488
410 489
411 490
412 491
413 492
414 493
415 494
416 497
417 498
418 499
419 500
420 501
421 502
422 505
423 506
424 507
425 508
426 509
427 510
428 511
429 514
430 515
431 516
432 517
433 518
434 519
435 522
436 523
437 524
438 525
439 526
440 527
441 528
442 529
443 530
444 531
445 534
446 535
447 536
448 537
449 538
450 542
451 543
452 544
453 545
454 546
455 549
456 550
457 551
458 552
459 553
460 554
461 555
462 556
463 557
464 558
465 561
466 562
467 563
468 564
469 565
470 566
471 569
472 570
473 571
474 572
475 573
476 574
477 575
478 578
479 579
480 580
481 581
482 582
483 583
484 588
485 589
486 590
487 591
488 592
489 593
490 596
491 597
492 598
493 599
494 600
495 601
496 602
497 605
498 606
499 607
500 608
501 609
502 610
503 613
504 614
505 615
506 616
507 617
508 618
509 619
510 620
511 621
512 622
513 625
514 626
515 627
516 628
517 629
518 630
519 633
520 634
521 635
522 636
523 639
524 640
525 641
526 642
527 643
528 644
529 647
530 648
531 649
532 652
533 653
534 654
535 655
536 656
537 657
538 660
539 661
540 662
541 663
542 666
543 667
544 668
545 669
546 670
547 671
548 674
549 675
550 676
551 677
552 678
553 679
554 680
555 681
556 682
557 683
558 686
559 687
560 688
561 689
562 690
563 691
564 694
565 695
566 696
567 697
568 698
569 699
570 700
571 703
572 704
573 705
574 706
575 707
576 708
577 713
578 714
579 715
580 716
581 717
582 718
583 721
584 722
585 723
586 724
587 725
588 726
589 727
590 731
591 732
592 733
593 734
594 735
595 739
596 740
597 741
598 742
599 743
600 744
601 745
602 746
603 747
604 750
605 751
606 752
607 753
608 754
609 758
610 759
611 760
612 761
613 762
614 766
615 767
616 768
617 769
618 770
619 771
620 772
621 773
622 774
623 777
624 778
625 779
626 780
627 781
628 782
629 785
630 786
631 787
632 788
633 789
634 790
635 791
636 795
637 796
638 797
639 798
640 799
641 803
642 804
643 805
644 806
645 807
646 808
647 809
648 810
649 811
650 812
651 813
652 814
653 815
654 816
655 817
656 818
657 822
658 823
659 824
660 825
661 826
662 830
663 831
664 832
665 833
666 834
667 835
668 836
669 837
670 838
671 839
672 840
673 841
674 842
675 843
676 844
677 845
678 846
679 847
680 848
681 849
682 850
683 851
684 852
685 857
686 858
687 859
688 860
689 865
690 866
691 867
692 868
693 869
694 870
695 871
696 872
697 873
698 874
699 875
700 876
701 877
702 878
703 879
704 884
705 885
706 886
707 887
708 892
709 893
710 894
711 895
712 896
713 897
714 898
715 899
716 900
717 901
718 902
719 903
720 904
721 905
722 906
723 907
724 908
725 909
726 910
727 911
728 912
729 913
730 914
731 915
732 916
733 921
734 922
735 923
736 924
737 929
738 930
739 931
740 932
741 933
742 934
743 935
744 936
745 937
746 938
747 939
748 940
749 941
750 942
751 943
752 948
753 949
754 950
755 951
756 956
757 957
758 958
759 959
760 960
761 961
762 962
763 963
764 964
765 965
766 966
767 967
768 968
769 969
770 970
771 971
772 974
773 975
774 976
775 977
776 978
777 979
778 982
779 983
780 984
781 985
782 986
783 987
784 990
785 991
786 992
787 993
788 994
789 995
790 996
791 997
792 998
793 999
794 1002
795 1003
796 1004
797 1005
798 1006
799 1011
800 1012
801 1013
802 1014
803 1019
804 1020
805 1021
806 1022
807 1023
808 1024
809 1025
810 1026
811 1029
812 1030
813 1031
814 1032
815 1033
816 1034
817 1038
818 1039
819 1040
820 1041
821 1042
822 1043
823 1046
824 1047
825 1048
826 1049
827 1050
828 1051
829 1054
830 1055
831 1056
832 1057
833 1058
834 1059
835 1060
836 1061
837 1062
838 1063
839 1066
840 1067
841 1068
842 1069
843 1074
844 1075
845 1076
846 1077
847 1082
848 1083
849 1084
850 1085
851 1086
852 1087
853 1088
854 1089
855 1090
856 1093
857 1094
858 1095
859 1096
860 1101
861 1102
862 1103
863 1104
864 1109
865 1110
866 1111
867 1112
868 1113
869 1114
870 1115
871 1116
872 1117
873 1118
874 1119
875 1120
876 1121
877 1122
878 1123
879 1124
880 1127
881 1128
882 1129
883 1130
884 1131
885 1132
886 1138
887 1139
888 1140
889 1141
890 1146
891 1147
892 1148
893 1149
894 1150
895 1151
896 1154
897 1155
898 1156
899 1157
900 1158
901 1159
902 1165
903 1166
904 1167
905 1168
906 1173
907 1174
908 1175
909 1176
910 1177
911 1178
912 1179
913 1180
914 1181
915 1182
916 1183
917 1184
918 1185
919 1186
920 1187
921 1188
922 1191
923 1192
924 1193
925 1194
926 1195
927 1199
928 1200
929 1201
930 1202
931 1203
932 1207
933 1208
934 1209
935 1210
936 1211
937 1212
938 1213
939 1214
940 1215
941 1218
942 1219
943 1220
944 1221
945 1222
946 1226
947 1227
948 1228
949 1229
950 1230
951 1234
952 1235
953 1236
954 1237
955 1238
956 1239
957 1240
958 1245
959 1246
960 1247
961 1248
962 1253
963 1254
964 1255
965 1256
966 1257
967 1258
968 1259
969 1263
970 1264
971 1265
972 1266
973 1267
974 1271
975 1272
976 1273
977 1274
978 1275
979 1278
980 1279
981 1282
982 1283
983 1284
984 1285
985 1286
986 1290
987 1291
988 1292
989 1293
990 1294
991 1298
992 1299
993 1300
994 1301
995 1302
996 1303
997 1304
998 1309
999 1310
1000 1311
1001 1312
1002 1317
1003 1318
1004 1319
1005 1320
1006 1321
1007 1322
1008 1325
1009 1326
1010 1327
1011 1328
1012 1329
1013 1330
1014 1334
1015 1335
1016 1336
1017 1337
1018 1338
1019 1345
1020 1346
1021 1347
1022 1348
1023 1354
1024 1355
1025 1356
1026 1357
1027 1362
1028 1363
1029 1364
1030 1365
1031 1372
1032 1373
1033 1381
1034 1382
1035 1383
1036 1384
1037 1385
1038 1386
1039 1389
1040 1390
1041 1391
1042 1392
1043 1397
1044 1398
1045 1399
1046 1400
1047 1409
1048 1410
1049 1411
1050 1412
1051 1417
1052 1418
1053 1419
1054 1420
1055 1424
1056 1425
1057 1426
1058 1427
1059 1428
1060 1429
1061 1436
1062 1437
1063 1444
1064 1445
1065 1446
1066 1447
1067 1450
1068 1451
1069 1452
1070 1453
1071 1454
1072 1455
1073 1459
1074 1460
1075 1461
1076 1462
1077 1463
1078 1467
1079 1470
1080 1471
1081 1472
1082 1473
1083 1474
1084 1475
1085 1479
1086 1480
1087 1481
1088 1482
1089 1487
1090 1488
1091 1489
1092 1490
1093 1494
1094 1497
1095 1498
1096 1499
1097 1500
1098 1501
1099 1502
1100 1506
1101 1507
1102 1508
1103 1509
1104 1510
1105 1511
1106 1514
1107 1515
1108 1516
1109 1517
1110 1518
1111 1519
1112 1523
1113 1524
1114 1525
1115 1526
1116 1527
1117 1531
1118 1534
1119 1535
1120 1536
1121 1537
1122 1538
1123 1542
1124 1543
1125 1544
1126 1545
1127 1546
1128 1550
1129 1551
1130 1552
1131 1553
1132 1554
1133 1558
1134 1561
1135 1562
1136 1563
1137 1564
1138 1565
1139 1566
1140 1569
1141 1570
1142 1571
1143 1572
1144 1573
1145 1578
1146 1579
1147 1580
1148 1581
1149 1588
1150 1589
1151 1596
1152 1597
1153 1598
1154 1599
1155 1600
1156 1601
1157 1602
1158 1605
1159 1606
1160 1607
1161 1608
1162 1613
1163 1614
1164 1615
1165 1616
1166 1621
1167 1622
1168 1625
1169 1626
1170 1627
1171 1628
1172 1629
1173 1630
1174 1633
1175 1634
1176 1635
1177 1636
1178 1640
1179 1641
1180 1642
1181 1643
1182 1644
1183 1652
1184 1653
1185 1660
1186 1661
1187 1662
1188 1663
1189 1666
1190 1667
1191 1668
1192 1669
1193 1670
1194 1671
1195 1677
1196 1678
1197 1679
1198 1686
1199 1687
1200 1688
1201 1689
1202 1690
1203 1691
1204 1694
1205 1695
1206 1696
1207 1697
1208 1698
1209 1703
1210 1704
1211 1705
1212 1706
1213 1713
1214 1714
1215 1715
1216 1716
1217 1721
1218 1722
1219 1723
1220 1724
1221 1725
1222 1726
1223 1727
1224 1731
1225 1732
1226 1733
1227 1734
1228 1735
1229 1740
1230 1741
1231 1742
1232 1743
1233 1750
1234 1751
1235 1752
1236 1753
1237 1754
1238 1758
1239 1759
1240 1760
1241 1761
1242 1762
1243 1767
1244 1768
1245 1769
1246 1770
1247 1777
1248 1778
1249 1779
1250 1780
1251 1785
1252 1786
1253 1787
1254 1788
1255 1789
1256 1790
1257 1791
1258 1795
1259 1796
1260 1797
1261 1798
1262 1803
1263 1804
1264 1805
1265 1806
1266 1810
1267 1811
1268 1812
1269 1813
1270 1814
1271 1815
1272 1816
1273 1817
1274 1818
1275 1822
1276 1823
1277 1824
1278 1825
1279 1830
1280 1831
1281 1832
1282 1833
1283 1837
1284 1838
1285 1839
1286 1840
1287 1841
1288 1842
1289 1845
1290 1846
1291 1847
1292 1848
1293 1849
1294 1850
1295 1857
1296 1858
1297 1859
1298 1860
1299 1866
1300 1867
1301 1868
1302 1869
1303 1874
1304 1875
1305 1876
1306 1877
1307 1884
1308 1885
1309 1886
1310 1887
1311 1893
1312 1894
1313 1895
1314 1896
1315 1897
1316 1901
1317 1902
1318 1903
1319 1904
1320 1905
1321 1906
1322 1909
1323 1910
1324 1911
1325 1912
1326 1913
1327 1914
1328 1921
1329 1922
1330 1923
1331 1924
1332 1929
1333 1930
1334 1931
1335 1932
1336 1936
1337 1937
1338 1938
1339 1939
1340 1940
1341 1941
1342 1948
1343 1949
1344 1950
1345 1951
1346 1956
1347 1957
1348 1958
1349 1959
1350 1964
1351 1965
1352 1966
1353 1967
1354 1970
1355 1974
1356 1975
1357 1978
1358 1983
1359 1984
1360 1985
1361 1986
1362 1987
1363 1991
1364 1992
1365 1993
1366 1994
1367 1999
1368 2000
1369 2001
1370 2002
1371 2005
1372 2006
1373 2011
1374 2012
1375 2013
1376 2014
1377 2019
1378 2020
1379 2021
1380 2022
1381 2026
1382 2027
1383 2028
1384 2029
1385 2030
1386 2031
1387 2034
1388 2038
1389 2039
1390 2046
1391 2047
1392 2048
1393 2049
1394 2054
1395 2055
1396 2056
1397 2057
1398 2058
1399 2062
1400 2063
1401 2064
1402 2065
1403 2066
1404 2074
1405 2075
1406 2076
1407 2082
1408 2083
1409 2084
1410 2085
1411 2089
1412 2090
1413 2091
1414 2092
1415 2093
1416 2101
1417 2102
1418 2103
1419 2109
1420 2110
1421 2111
1422 2112
1423 2113
1424 2116
1425 2117
1426 2118
1427 2119
1428 2120
1429 2121
1430 2122
1431 2126
1432 2127
1433 2128
1434 2129
1435 2130
1436 2138
1437 2139
1438 2140
1439 2146
1440 2147
1441 2148
1442 2149
1443 2153
1444 2154
1445 2155
1446 2156
1447 2157
1448 2165
1449 2166
1450 2167
1451 2173
1452 2174
1453 2175
1454 2176
1455 2177
1456 2178
1457 2179
1458 2180
1459 2181
1460 2182
1461 2183
1462 2188
1463 2189
1464 2190
1465 2191
1466 2199
1467 2200
1468 2201
1469 2202
1470 2203
1471 2207
1472 2208
1473 2209
1474 2210
1475 2215
1476 2216
1477 2217
1478 2218
1479 2226
1480 2227
1481 2228
1482 2229
1483 2230
1484 2234
1485 2235
1486 2236
1487 2237
1488 2238
1489 2239
1490 2243
1491 2244
1492 2245
1493 2246
1494 2247
1495 2252
1496 2253
1497 2254
1498 2255
1499 2263
1500 2264
1501 2265
1502 2266
1503 2271
1504 2272
1505 2273
1506 2274
1507 2279
1508 2280
1509 2281
1510 2282
1511 2290
1512 2291
1513 2292
1514 2293
1515 2294
1516 2298
1517 2299
1518 2300
1519 2301
1520 2302
1521 2307
1522 2308
1523 2309
1524 2310
1525 2317
1526 2318
1527 2321
1528 2325
1529 2326
1530 2327
1531 2328
1532 2329
1533 2334
1534 2335
1535 2336
1536 2337
1537 2342
1538 2343
1539 2344
1540 2345
1541 2354
1542 2355
1543 2356
1544 2362
1545 2363
1546 2364
1547 2369
1548 2370
1549 2371
1550 2372
1551 2377
1552 2381
1553 2382
1554 2385
1555 2389
1556 2390
1557 2391
1558 2397
1559 2398
1560 2399
1561 2405
1562 2406
1563 2407
1564 2408
1565 2415
1566 2416
1567 2417
1568 2418
1569 2419
1570 2424
1571 2425
1572 2426
1573 2427
1574 2432
1575 2433
1576 2434
1577 2435
1578 2442
1579 2443
1580 2444
1581 2445
1582 2446
1583 2450
1584 2451
1585 2452
1586 2453
1587 2454
1588 2455
1589 2459
1590 2460
1591 2461
1592 2462
1593 2463
1594 2469
1595 2470
1596 2471
1597 2472
1598 2479
1599 2480
1600 2481
1601 2482
1602 2487
1603 2488
1604 2489
1605 2490
1606 2496
1607 2497
1608 2498
1609 2499
1610 2506
1611 2507
1612 2508
1613 2509
1614 2510
1615 2514
1616 2515
1617 2516
1618 2517
1619 2518
1620 2519
1621 2523
1622 2524
1623 2525
1624 2526
1625 2531
1626 2532
1627 2533
1628 2534
1629 2542
1630 2543
1631 2544
1632 2545
1633 2550
1634 2551
1635 2552
1636 2553
1637 2558
1638 2559
1639 2560
1640 2561
1641 2569
1642 2570
1643 2571
1644 2577
1645 2578
1646 2579
1647 2586
1648 2587
1649 2588
1650 2594
1651 2595
1652 2596
1653 2597
1654 2598
1655 2606
1656 2614
1657 2615
1658 2621
1659 2622
1660 2623
1661 2624
1662 2625
1663 2633
1664 2634
1665 2635
1666 2641
1667 2642
1668 2643
1669 2650
1670 2651
1671 2652
1672 2658
1673 2659
1674 2660
1675 2661
1676 2662
1677 2667
1678 2668
1679 2669
1680 2670
1681 2677
1682 2678
1683 2679
1684 2685
1685 2686
1686 2687
1687 2688
1688 2689
1689 2690
1690 2694
1691 2695
1692 2696
1693 2703
1694 2704
1695 2712
1696 2713
1697 2714
1698 2715
1699 2720
1700 2721
1701 2722
1702 2723
1703 2726
1704 2727
1705 2731
1706 2734
1707 2740
1708 2741
1709 2742
1710 2748
1711 2749
1712 2750
1713 2751
1714 2754
1715 2758
1716 2759
1717 2760
1718 2767
1719 2768
1720 2775
1721 2776
1722 2777
1723 2778
1724 2785
1725 2786
1726 2787
1727 2790
1728 2794
1729 2795
1730 2802
1731 2803
1732 2804
1733 2805
1734 2810
1735 2811
1736 2812
1737 2813
1738 2814
1739 2818
1740 2822
1741 2830
1742 2831
1743 2832
1744 2837
1745 2838
1746 2839
1747 2840
1748 2841
1749 2845
1750 2846
1751 2849
1752 2850
1753 2857
1754 2858
1755 2859
1756 2866
1757 2867
1758 2868
1759 2874
1760 2875
1761 2876
1762 2883
1763 2884
1764 2885
1765 2886
1766 2893
1767 2894
1768 2895
1769 2901
1770 2902
1771 2903
1772 2910
1773 2911
1774 2912
1775 2919
1776 2920
1777 2928
1778 2929
1779 2930
1780 2931
1781 2936
1782 2937
1783 2938
1784 2939
1785 2947
1786 2956
1787 2957
1788 2958
1789 2964
1790 2965
1791 2966
1792 2967
1793 2974
1794 2975
1795 2983
1796 2984
1797 2992
1798 2993
1799 2994
1800 3000
1801 3001
1802 3002
1803 3010
1804 3011
1805 3019
1806 3020
1807 3021
1808 3022
1809 3027
1810 3028
1811 3029
1812 3030
1813 3031
1814 3037
1815 3038
1816 3039
1817 3045
1818 3046
1819 3047
1820 3054
1821 3055
1822 3056
1823 3057
1824 3062
1825 3063
1826 3064
1827 3065
1828 3066
1829 3073
1830 3074
1831 3082
1832 3083
1833 3084
1834 3090
1835 3091
1836 3092
1837 3100
1838 3101
1839 3109
1840 3110
1841 3111
1842 3118
1843 3119
1844 3126
1845 3127
1846 3128
1847 3137
1848 3138
1849 3145
1850 3146
1851 3147
1852 3148
1853 3153
1854 3154
1855 3155
1856 3156
1857 3164
1858 3165
1859 3172
1860 3173
1861 3174
1862 3175
1863 3180
1864 3181
1865 3182
1866 3183
1867 3188
1868 3189
1869 3190
1870 3191
1871 3199
1872 3200
1873 3201
1874 3202
1875 3208
1876 3209
1877 3210
1878 3216
1879 3217
1880 3218
1881 3226
1882 3227
1883 3228
1884 3229
1885 3235
1886 3236
1887 3237
1888 3238
1889 3243
1890 3244
1891 3245
1892 3246
1893 3252
1894 3253
1895 3254
1896 3255
1897 3263
1898 3266
1899 3271
1900 3272
1901 3273
1902 3274
1903 3279
1904 3280
1905 3281
1906 3282
1907 3290
1908 3293
1909 3298
1910 3299
1911 3300
1912 3301
1913 3306
1914 3307
1915 3308
1916 3309
1917 3316
1918 3317
1919 3324
1920 3325
1921 3326
1922 3327
1923 3335
1924 3336
1925 3343
1926 3344
1927 3353
1928 3354
1929 3362
1930 3363
1931 3364
1932 3370
1933 3371
1934 3372
1935 3380
1936 3388
1937 3391
1938 3396
1939 3397
1940 3398
1941 3399
1942 3405
1943 3406
1944 3407
1945 3415
1946 3418
1947 3419
1948 3423
1949 3424
1950 3425
1951 3426
1952 3432
1953 3433
1954 3434
1955 3442
1956 3443
1957 3444
1958 3450
1959 3451
1960 3452
1961 3460
1962 3461
1963 3462
1964 3469
1965 3470
1966 3471
1967 3479
1968 3487
1969 3488
1970 3489
1971 3490
1972 3496
1973 3497
1974 3498
1975 3506
1976 3514
1977 3515
1978 3516
1979 3517
1980 3518
1981 3523
1982 3524
1983 3525
1984 3526
1985 3531
1986 3532
1987 3533
1988 3534
1989 3542
1990 3543
1991 3551
1992 3552
1993 3553
1994 3559
1995 3560
1996 3561
1997 3569
1998 3570
1999 3578
2000 3586
2001 3587
2002 3588
2003 3594
2004 3595
2005 3596
2006 3614
2007 3615
2008 3621
2009 3622
2010 3623
2011 3641
2012 3642
2013 3649
2014 3650
2015 3651
2016 3652
2017 3657
2018 3658
2019 3659
2020 3660
2021 3667
2022 3668
2023 3676
2024 3677
2025 3678
2026 3679
2027 3685
2028 3686
2029 3687
2030 3694
2031 3695
2032 3703
2033 3707
2034 3712
2035 3713
2036 3714
2037 3715
2038 3720
2039 3721
2040 3722
2041 3728
2042 3734
2043 3739
2044 3740
2045 3741
2046 3742
2047 3747
2048 3748
2049 3749
2050 3750
2051 3755
2052 3758
2053 3763
2054 3766
2055 3767
2056 3775
2057 3776
2058 3777
2059 3785
2060 3786
2061 3793
2062 3794
2063 3802
2064 3803
2065 3804
2066 3805
2067 3811
2068 3812
2069 3813
2070 3819
2071 3830
2072 3831
2073 3832
2074 3837
2075 3838
2076 3839
2077 3840
2078 3857
2079 3858
2080 3866
2081 3867
2082 3868
2083 3874
2084 3875
2085 3876
2086 3883
2087 3884
2088 3885
2089 3893
2090 3894
2091 3901
2092 3902
2093 3903
2094 3910
2095 3911
2096 3918
2097 3919
2098 3928
2099 3929
2100 3930
2101 3931
2102 3937
2103 3938
2104 3955
2105 3956
2106 3957
2107 3958
2108 3964
2109 3965
2110 3966
2111 3974
2112 3982
2113 3983
2114 3992
2115 4000
2116 4001
2117 4002
2118 4008
2119 4009
2120 4010
2121 4019
2122 4022
2123 4027
2124 4028
2125 4029
2126 4030
2127 4035
2128 4036
2129 4037
2130 4038
2131 4045
2132 4046
2133 4054
2134 4055
2135 4056
2136 4063
2137 4064
2138 4065
2139 4071
2140 4072
2141 4073
2142 4082
2143 4090
2144 4091
2145 4092
2146 4098
2147 4099
2148 4100
2149 4101
2150 4106
2151 4109
2152 4126
2153 4127
2154 4128
2155 4133
2156 4134
2157 4135
2158 4136
2159 4153
2160 4154
2161 4155
2162 4162
2163 4163
2164 4171
2165 4172
2166 4180
2167 4181
2168 4189
2169 4190
2170 4191
2171 4197
2172 4198
2173 4199
2174 4216
2175 4217
2176 4218
2177 4224
2178 4225
2179 4226
2180 4243
2181 4244
2182 4245
2183 4246
2184 4251
2185 4252
2186 4253
2187 4254
2188 4259
2189 4260
2190 4261
2191 4262
2192 4271
2193 4279
2194 4280
2195 4281
2196 4287
2197 4288
2198 4289
2199 4298
2200 4306
2201 4307
2202 4314
2203 4315
2204 4316
2205 4317
2206 4323
2207 4324
2208 4325
2209 4343
2210 4344
2211 4350
2212 4351
2213 4352
2214 4370
2215 4371
2216 4378
2217 4379
2218 4380
2219 4386
2220 4387
2221 4388
2222 4396
2223 4397
2224 4405
2225 4406
2226 4407
2227 4413
2228 4414
2229 4415
2230 4423
2231 4431
2232 4432
2233 4441
2234 4442
2235 4449
2236 4450
2237 4468
2238 4469
2239 4470
2240 4471
2241 4476
2242 4477
2243 4478
2244 4479
2245 4487
2246 4495
2247 4496
2248 4505
2249 4506
2250 4514
2251 4522
2252 4523
2253 4532
2254 4533
2255 4534
2256 4540
2257 4541
2258 4542
2259 4559
2260 4560
2261 4561
2262 4566
2263 4567
2264 4568
2265 4569
2266 4574
2267 4582
2268 4586
2269 4594
2270 4602
2271 4603
2272 4604
2273 4612
2274 4613
2275 4621
2276 4630
2277 4631
2278 4639
2279 4640
2280 4647
2281 4648
2282 4657
2283 4658
2284 4666
2285 4667
2286 4684
2287 4685
2288 4693
2289 4694
2290 4695
2291 4703
2292 4711
2293 4722
2294 4729
2295 4730
2296 4737
2297 4738
2298 4756
2299 4757
2300 4758
2301 4764
2302 4765
2303 4766
2304 4773
2305 4774
2306 4775
2307 4792
2308 4793
2309 4799
2310 4800
2311 4801
2312 4802
2313 4819
2314 4820
2315 4827
2316 4828
2317 4829
2318 4837
2319 4847
2320 4855
2321 4856
2322 4857
2323 4862
2324 4863
2325 4864
2326 4865
2327 4874
2328 4882
2329 4883
2330 4884
2331 4891
2332 4892
2333 4893
2334 4900
2335 4901
2336 4909
2337 4910
2338 4911
2339 4918
2340 4919
2341 4927
2342 4945
2343 4946
2344 4954
2345 4972
2346 4973
2347 4974
2348 4980
2349 4981
2350 4982
2351 4983
2352 4988
2353 4991
2354 5008
2355 5009
2356 5010
2357 5018
2358 5035
2359 5036
2360 5037
2361 5044
2362 5045
2363 5052
2364 5053
2365 5054
2366 5071
2367 5072
2368 5079
2369 5080
2370 5081
2371 5098
2372 5099
2373 5100
2374 5107
2375 5108
2376 5116
2377 5125
2378 5126
2379 5134
2380 5135
2381 5143
2382 5162
2383 5163
2384 5170
2385 5171
2386 5189
2387 5190
2388 5197
2389 5198
2390 5199
2391 5207
2392 5215
2393 5216
2394 5224
2395 5225
2396 5234
2397 5242
2398 5243
2399 5250
2400 5251
2401 5252
2402 5261
2403 5270
2404 5287
2405 5288
2406 5297
2407 5314
2408 5315
2409 5323
2410 5342
2411 5350
2412 5369
2413 5386
2414 5387
2415 5395
2416 5396
2417 5405
2418 5406
2419 5413
2420 5414
2421 5422
2422 5423
2423 5431
2424 5432
2425 5459
2426 5478
2427 5486
2428 5494
2429 5495
2430 5521
2431 5522
2432 5555
2433 5566
2434 5593
2435 5602
2436 5603
2437 5611
2438 5612
2439 5619
2440 5620
2441 5621
2442 5630
2443 5638
2444 5639
2445 5640
2446 5646
2447 5647
2448 5648
2449 5675
2450 5702
2451 5710
2452 5711
2453 5737
2454 5738
2455 5764
2456 5765
2457 5773
2458 5782
2459 5783
2460 5791
2461 5799
2462 5800
2463 5809
2464 5810
2465 5818
2466 5827
2467 5828
2468 5836
2469 5837
2470 5854
2471 5855
2472 5863
2473 5864
2474 5882
2475 5891
2476 5892
2477 5899
2478 5900
2479 5909
2480 5918
2481 5919
2482 5926
2483 5927
2484 5944
2485 5945
2486 5946
2487 5953
2488 5954
2489 5971
2490 5972
2491 5973
2492 5981
2493 5989
2494 5990
2495 5999
2496 6017
2497 6026
2498 6034
2499 6037
2500 6044
2501 6045
2502 6052
2503 6053
2504 6071
2505 6079
2506 6098
2507 6115
2508 6116
2509 6124
2510 6125
2511 6134
2512 6135
2513 6142
2514 6143
2515 6151
2516 6160
2517 6161
2518 6170
2519 6178
2520 6188
2521 6197
2522 6205
2523 6206
2524 6207
2525 6215
2526 6224
2527 6225
2528 6234
2529 6242
2530 6250
2531 6251
2532 6261
2533 6269
2534 6270
2535 6276
2536 6295
2537 6303
2538 6322
2539 6331
2540 6332
2541 6340
2542 6341
2543 6359
2544 6367
2545 6368
2546 6386
2547 6394
2548 6395
2549 6413
2550 6421
2551 6422
2552 6431
2553 6439
2554 6458
2555 6459
2556 6465
2557 6466
2558 6485
2559 6486
2560 6493
2561 6494
2562 6502
2563 6520
2564 6521
2565 6529
2566 6547
2567 6548
2568 6549
2569 6555
2570 6556
2571 6557
2572 6575
2573 6576
2574 6583
2575 6584
2576 6602
2577 6610
2578 6611
2579 6619
2580 6628
2581 6629
2582 6638
2583 6646
2584 6647
2585 6654
2586 6655
2587 6673
2588 6674
2589 6675
2590 6682
2591 6702
2592 6710
2593 6711
2594 6718
2595 6719
2596 6737
2597 6738
2598 6746
2599 6763
2600 6773
2601 6781
2602 6782
2603 6799
2604 6800
2605 6808
2606 6809
2607 6827
2608 6836
2609 6837
2610 6844
2611 6845
2612 6854
2613 6863
2614 6864
2615 6871
2616 6872
2617 6891
2618 6898
2619 6899
2620 6926
2621 6927
2622 6934
2623 6935
2624 6962
2625 6970
2626 6971
2627 6989
2628 6997
2629 6998
2630 7016
2631 7024
2632 7025
2633 7033
2634 7043
2635 7060
2636 7061
2637 7070
2638 7088
2639 7096
2640 7115
2641 7123
2642 7141
2643 7142
2644 7150
2645 7151
2646 7186
2647 7187
2648 7214
2649 7215
2650 7249
2651 7250
2652 7276
2653 7277
2654 7285
2655 7304
2656 7312
2657 7331
2658 7339
2659 7340
2660 7367
2661 7375
2662 7376
2663 7402
2664 7403
2665 7431
2666 7439
2667 7466
2668 7501
2669 7511
2670 7528
2671 7538
2672 7546
2673 7556
2674 7565
2675 7592
2676 7627
2677 7628
2678 7655
2679 7690
2680 7718
2681 7745
2682 7753
2683 7754
2684 7772
2685 7781
2686 7816
2687 7824
2688 7843
2689 7844
2690 7851
2691 7871
2692 7907
2693 7915
2694 7934
2695 7935
2696 7979
2697 8014
2698 8060
2699 8078
2700 8131
2701 8141
2702 8150
2703 8168
2704 8194
2705 8195
2706 8222
2707 8249
2708 8257
2709 8276
2710 8284
2711 8285
2712 8347
2713 8356
2714 8357
2715 8382
2716 8383
2717 8384
2718 8410
2719 8411
2720 8447
2721 8474
2722 8501
2723 8572
2724 8573
2725 8591
2726 8600
2727 8627
2728 8662
2729 8663
2730 8690
2731 8698
2732 8717
2733 8725
2734 8744
2735 8789
2736 8807
2737 8870
2738 8922
2739 8978
2740 8986
2741 9005
2742 9013
2743 9014
2744 9111
2745 9138
2746 9139
2747 9202
2748 9229
2749 9230
2750 9257
2751 9284
2752 9293
2753 9320
2754 9355
2755 9419
2756 9446
2757 9473
2758 9482
2759 9742
2760 9806
2761 9896
2762 9922
2763 9923
2764 9959
2765 9986
2766 10013
2767 10048
2768 10112
2769 10138
2770 10175
2771 10202
2772 10391
2773 10777
2774 10867
2775 10931
2776 10958
2777 11147
2778 11659
2779 11687
2780 11750
2781 11777
2782 11903
2783 11911
2784 12101
2785 12478
2786 12506
2787 12695
2788 12758
