1 2
2 3
3 7
4 19
5 31
6 163
7 127
8 1459
9 211
10 883
11 811
12 472393
13 631
14 8503057
15 32077
16 4051
17 2311
18 86093443
19 4951
20 6347497291777
21 10531
22 36451
23 1299079
24 251048476873
25 8191
26 388963
27 5314411
28 22051
29 51031
30 596046447753906250001
31 28351
32 411782264189299
33 24571
34 5904901
35 860934421
36 1822501
37 34651
38 2401514164751985937
39 3874204891
40 212576401
41 115831
42 1556181178759286886529
43 357211
44 458936503790258814279745537
45 7676371
46 684451
47 313810596091
48 2328306436538696289062500000000000001
49 103951
50 1372257937
51 708751
52 4218578659
53 37200871
54 51688655113813386391457929
55 242551
56 73811251
57 867511
58 151868831689
59 457535849099221
60 37681029577969958679372829513
61 368551
62 84782316550432407028588866403
63 8235645283785961
64 7144201
65 270271
66 15561655363
67 20667151
68 530912149666584561909977889173950049550337
69 14635885141
70 3075343841683
71 10023751
72 1312374393401896652670538605440977600513
73 450451
74 49540474509688338640943856794599627023640952833
75 8705488847225949019
76 19448101
77 73609892911
78 56953125001
79 372008701
80 4514375739695349858656008950407891012529281826817
81 1253071
82 2668051
83 753775258461529585663
84 196314598658954283542833532178337424811349115846486290071553
85 2806651
86 206710354243
87 7440491260942840426213
88 2287679245496101
89 53734591
90 496524149651212084672932834388009377566802433
91 3430351
92 33215062501
93 8159075498341
94 49825653966905059
95 301339896068185037261587
96 11344446758899
97 2088451
98 27327525884414205519790497974303154461449992065060438017
99 501187501
100 289340101
101 9213751
102 270206249589544756726444132802558045822442548494860289
103 27980368651
104 637496523831614586365672736744543987276705414893729898037249
105 409209571
106 44651251
107 142143801562986812576509303
108 124851133227087086366094053804139911884722081611064043465578764955382819359819590270977
109 4873051
110 294560779218133654515180236763892077549977268256656953492166117844174864184344920047952592897
111 516678751
112 941393552582778486913
113 7297291
114 8764567839850906680875134056440689113154583155191470113
115 379672079221
116 1255242384360001
117 5032894340091421
118 4490676451
119 433331840146654524812787539389
120 648243670902913
121 5925151
122 1153300781251
123 1695646331008648140571777328041
124 11768620164367107079369
125 59708428307448211
126 243101251
127 30362851
128 1341461000844923240848597090009602123739387630054495699523920897
129 5135131
130 21883797826302471841801
131 18600435001
132 848893289597177988349502846021701343928831234643860559854981193
133 392675851
134 12106890281251
135 3461153290854852584535111881995249
136 24012451
137 69305220811
138 2595616543175208876404533151923470198527986898275136849877008547443638273
139 37971082126891
140 821926244295039771436133446311378419528294233041090348821020016658399371537986130804737
141 70166251
142 443146905982625054796451
143 185233507369499878497352326970352827
144 83037656250001
145 8558551
146 109854357368722723
147 1531931169055863860005130055484539589
148 5513062501
149 28517980706429832991
150 486261482794785910318604455467191163500239696433682016768214597599203316216422984772260233541524229882092365416215708943355088897
151 109147501
152 1134011406976115472507210326209371723213166068761339406329396155478919301588189413587068375051016292026050604611928586241179649
153 352552644991
154 105464466451
155 131014968751
156 385849864319712769153
157 2418056551
158 22407594326193303227493379799863505692650595110788621636169166423915274175085749692911200724117011618129248257
159 2036477205264321610132702007287947655837
160 4664901124021658121829078003
161 13783771
162 980658112781251
163 50692951
164 62313599639110252581949897285844786262292037337360020342892922680031718725729032616166173278355794790711297
165 2309956437220816472191
166 8931161251
167 236789744721782169152365302750626042756803
168 80758425132286887346207066882454842995930480389218586364389227793321107468544826270551360568749110048761839617
169 47713051
170 941545921457490049
171 1022359623751
172 4687787916901
173 40922701935185622344167
174 2972321460103916543035843666587042189926649772750064069706508280857952623047775908097
175 11209628302930891
176 37060031251
177 591080491
178 1884051478898497933968641475601
179 73702803463851793818638467604470141982572237
180 595611590752493864883094080041030019220808655995940055717338340697674696130755209428465713095376897
181 56756701
182 152354696091732784678579455441231123500849602804790393448003131489914274686066076039203
183 625235022091
184 2119557913760810175714721660051
185 54916854315751
186 12007570823759929680001
187 288247584932508601
188 576650390625000001
189 1152181955554825142470771
190 644764051
191 8232685391251
192 636278802851653525537299333644064649527569533658346240483027051358394333322054825813050846116810476377940135304935089277191044954368671986903054607746634154625107352354817
193 22972951
194 44512371478279137944156681389371332968789561821253834568035969469819006932465970520075925364032527138817
195 139979079704990731886446232775847753079584759063
196 239812751251
197 2073093751
198 967844597568473613635454705640411192823193643437805549495563177611668412434076784084170192556999031128576309067777
199 2748730951
200 241767755207907345602588510013011855887231160459623079002635342951849520607051942565555494952050689
