1 2
2 3
3 5
4 6
5 6
6 -6
7 7
8 8
9 10
10 13
11 13
12 13
13 14
14 -17
15 17
16 17
17 18
18 -19
19 20
20 -22
21 23
22 27
23 -29
24 -29
25 29
26 -31
27 -32
28 -35
29 36
30 -37
31 -40
32 -43
33 -46
34 -48
35 -50
36 -53
37 -55
38 -57
39 -60
40 -60
41 -61
42 -63
43 -66
44 -66
45 -68
46 -71
47 -74
48 -77
49 -79
50 -82
51 -85
52 -88
53 -89
54 -92
55 -95
56 -96
57 -97
58 -97
59 -100
60 -103
61 -105
62 -108
63 -111
64 -114
65 -115
66 -118
67 -120
68 -123
69 -126
70 -129
71 -132
72 -136
73 -139
74 -142
75 -145
76 -148
77 -149
78 -152
79 -155
80 -158
81 -159
82 -162
83 -163
84 -163
85 -167
86 -170
87 -173
88 -176
89 -179
90 -182
91 -185
92 -188
93 -191
94 -194
95 -197
96 -200
97 -203
98 -206
99 -210
100 -212
101 -215
102 -217
103 -220
104 -223
105 -226
106 -229
107 -232
108 -235
109 -239
110 -241
111 -244
112 -247
113 -250
114 -253
115 -255
116 -257
117 -260
118 -262
119 -265
120 -268
121 -271
122 -274
123 -278
124 -279
125 -282
126 -285
127 -288
128 -291
129 -294
130 -296
131 -299
132 -302
133 -306
134 -309
135 -312
136 -315
137 -318
138 -321
139 -323
140 -324
141 -327
142 -331
143 -334
144 -335
145 -339
146 -339
147 -339
148 -342
149 -346
150 -349
151 -352
152 -355
153 -358
154 -361
155 -364
156 -368
157 -371
158 -374
159 -376
160 -380
161 -383
162 -386
163 -389
164 -392
165 -395
166 -398
167 -401
168 -404
169 -407
170 -410
171 -414
172 -417
173 -420
174 -421
175 -424
176 -427
177 -430
178 -433
179 -434
180 -438
181 -441
182 -441
183 -444
184 -445
185 -448
186 -452
187 -455
188 -455
189 -458
190 -461
191 -464
192 -467
193 -468
194 -471
195 -472
196 -475
197 -477
198 -480
199 -483
200 -486
201 -489
202 -493
203 -496
204 -499
205 -502
206 -505
207 -508
208 -511
209 -514
210 -517
211 -520
212 -523
213 -526
214 -529
215 -529
216 -532
217 -535
218 -537
219 -540
220 -543
221 -546
222 -549
223 -553
224 -556
225 -559
226 -561
227 -563
228 -566
229 -569
230 -572
231 -575
232 -578
233 -581
234 -584
235 -588
236 -591
237 -594
238 -597
239 -600
240 -603
241 -606
242 -609
243 -611
244 -614
245 -614
246 -617
247 -620
248 -624
249 -626
250 -629
251 -632
252 -635
253 -638
254 -641
255 -644
256 -647
257 -650
258 -652
259 -655
260 -658
261 -659
262 -662
263 -665
264 -668
265 -671
266 -672
267 -673
268 -677
269 -680
270 -683
271 -686
272 -689
273 -692
274 -695
275 -697
276 -700
277 -703
278 -706
279 -709
280 -711
281 -714
282 -715
283 -718
284 -721
285 -724
286 -728
287 -731
288 -734
289 -736
290 -739
291 -742
292 -745
293 -748
294 -751
295 -755
296 -758
297 -761
298 -762
299 -763
300 -764
301 -767
302 -770
303 -773
304 -776
305 -780
306 -783
307 -786
308 -789
309 -792
310 -795
311 -798
312 -802
313 -805
314 -808
315 -811
316 -813
317 -816
318 -819
319 -822
320 -824
321 -826
322 -829
323 -832
324 -836
325 -839
326 -840
327 -843
328 -845
329 -848
330 -851
331 -854
332 -858
333 -861
334 -864
335 -867
336 -870
337 -873
338 -876
339 -880
340 -881
341 -884
342 -887
343 -889
344 -891
345 -894
346 -897
347 -899
348 -902
349 -905
350 -908
351 -911
352 -914
353 -917
354 -921
355 -924
356 -927
357 -930
358 -933
359 -936
360 -939
361 -943
362 -946
363 -949
364 -952
365 -955
366 -958
367 -961
368 -965
369 -968
370 -969
371 -972
372 -975
373 -978
374 -981
375 -983
376 -986
377 -989
378 -992
379 -995
380 -998
381 -1001
382 -1004
383 -1007
384 -1010
385 -1013
386 -1016
387 -1020
388 -1023
389 -1026
390 -1029
391 -1032
392 -1033
393 -1036
394 -1039
395 -1042
396 -1046
397 -1049
398 -1052
399 -1055
400 -1057
401 -1060
402 -1063
403 -1065
404 -1068
405 -1071
406 -1074
407 -1077
408 -1080
409 -1084
410 -1087
411 -1090
412 -1093
413 -1096
414 -1099
415 -1102
416 -1106
417 -1108
418 -1111
419 -1114
420 -1117
421 -1120
422 -1123
423 -1127
424 -1129
425 -1132
426 -1134
427 -1137
428 -1140
429 -1143
430 -1146
431 -1149
432 -1153
433 -1156
434 -1159
435 -1162
436 -1165
437 -1168
438 -1171
439 -1175
440 -1176
441 -1179
442 -1182
443 -1186
444 -1188
445 -1192
446 -1193
447 -1196
448 -1199
449 -1202
450 -1206
451 -1209
452 -1212
453 -1212
454 -1216
455 -1219
456 -1222
457 -1225
458 -1228
459 -1231
460 -1234
461 -1237
462 -1240
463 -1244
464 -1247
465 -1250
466 -1253
467 -1256
468 -1259
469 -1262
470 -1266
471 -1269
472 -1272
473 -1275
474 -1278
475 -1281
476 -1284
477 -1288
478 -1291
479 -1294
480 -1297
481 -1300
482 -1303
483 -1306
484 -1308
485 -1311
486 -1314
487 -1315
488 -1318
489 -1321
490 -1323
491 -1326
492 -1329
493 -1332
494 -1335
495 -1338
496 -1341
497 -1344
498 -1347
499 -1350
500 -1354
501 -1357
502 -1360
503 -1363
504 -1366
505 -1369
506 -1372
507 -1376
508 -1379
509 -1382
510 -1383
511 -1386
512 -1389
513 -1392
514 -1395
515 -1398
516 -1401
517 -1404
518 -1407
519 -1410
520 -1413
521 -1416
522 -1419
523 -1423
524 -1425
525 -1428
526 -1431
527 -1434
528 -1438
529 -1439
530 -1442
531 -1445
532 -1448
533 -1450
534 -1451
535 -1454
536 -1456
537 -1457
538 -1460
539 -1463
540 -1465
541 -1468
542 -1471
543 -1474
544 -1477
545 -1480
546 -1483
547 -1487
548 -1490
549 -1493
550 -1496
551 -1499
552 -1502
553 -1505
554 -1509
555 -1512
556 -1515
557 -1515
558 -1518
559 -1521
560 -1524
561 -1528
562 -1529
563 -1532
564 -1535
565 -1538
566 -1542
567 -1544
568 -1548
569 -1551
570 -1554
571 -1555
572 -1558
573 -1562
574 -1565
575 -1568
576 -1571
577 -1574
578 -1577
579 -1580
580 -1584
581 -1587
582 -1590
583 -1593
584 -1596
585 -1599
586 -1602
587 -1605
588 -1608
589 -1611
590 -1615
591 -1618
592 -1621
593 -1624
594 -1627
595 -1630
596 -1633
597 -1636
598 -1639
599 -1642
600 -1645
601 -1648
602 -1651
603 -1654
604 -1658
605 -1658
606 -1661
607 -1665
608 -1668
609 -1669
610 -1672
611 -1676
612 -1679
613 -1682
614 -1685
615 -1688
616 -1690
617 -1693
618 -1696
619 -1699
620 -1702
621 -1705
622 -1706
623 -1709
624 -1712
625 -1714
626 -1717
627 -1720
628 -1724
629 -1727
630 -1730
631 -1731
632 -1734
633 -1737
634 -1740
635 -1743
636 -1746
637 -1749
638 -1752
639 -1753
640 -1756
641 -1759
642 -1763
643 -1764
644 -1767
645 -1770
646 -1773
647 -1774
648 -1777
649 -1780
650 -1781
651 -1784
652 -1787
653 -1790
654 -1792
655 -1795
656 -1798
657 -1801
658 -1804
659 -1808
660 -1811
661 -1814
662 -1817
663 -1820
664 -1823
665 -1826
666 -1830
667 -1833
668 -1836
669 -1839
670 -1842
671 -1845
672 -1846
673 -1849
674 -1853
675 -1854
676 -1857
677 -1860
678 -1863
679 -1866
680 -1869
681 -1870
682 -1873
683 -1875
684 -1878
685 -1881
686 -1884
687 -1887
688 -1890
689 -1893
690 -1895
691 -1896
692 -1899
693 -1902
694 -1906
695 -1909
696 -1912
697 -1915
698 -1918
699 -1921
700 -1924
701 -1927
702 -1930
703 -1934
704 -1937
705 -1940
706 -1943
707 -1946
708 -1949
709 -1952
710 -1956
711 -1959
712 -1959
713 -1962
714 -1965
715 -1968
716 -1971
717 -1973
718 -1977
719 -1978
720 -1981
721 -1984
722 -1987
723 -1991
724 -1993
725 -1997
726 -2000
727 -2001
728 -2004
729 -2007
730 -2011
731 -2014
732 -2017
733 -2020
734 -2023
735 -2026
736 -2029
737 -2032
738 -2036
739 -2039
740 -2042
741 -2045
742 -2048
743 -2051
744 -2054
745 -2057
746 -2060
747 -2063
748 -2066
749 -2069
750 -2072
751 -2074
752 -2076
753 -2080
754 -2081
755 -2084
756 -2087
757 -2090
758 -2093
759 -2096
760 -2099
761 -2102
762 -2106
763 -2108
764 -2112
765 -2112
766 -2115
767 -2118
768 -2122
769 -2125
770 -2128
771 -2131
772 -2134
773 -2137
774 -2140
775 -2141
776 -2145
777 -2148
778 -2149
779 -2152
780 -2155
781 -2158
782 -2160
783 -2163
784 -2166
785 -2169
786 -2172
787 -2176
788 -2179
789 -2182
790 -2185
791 -2188
792 -2189
793 -2192
794 -2195
795 -2198
796 -2199
797 -2203
798 -2204
799 -2207
800 -2209
801 -2212
802 -2216
803 -2219
804 -2222
805 -2225
806 -2228
807 -2231
808 -2234
809 -2237
810 -2240
811 -2244
812 -2247
813 -2250
814 -2253
815 -2254
816 -2258
817 -2261
818 -2264
819 -2267
820 -2270
821 -2273
822 -2276
823 -2280
824 -2283
825 -2286
826 -2289
827 -2292
828 -2295
829 -2298
830 -2302
831 -2305
832 -2308
833 -2311
834 -2314
835 -2317
836 -2320
837 -2324
838 -2327
839 -2330
840 -2333
841 -2336
842 -2339
843 -2342
844 -2346
845 -2349
846 -2351
847 -2354
848 -2357
849 -2360
850 -2363
851 -2366
852 -2369
853 -2370
854 -2374
855 -2377
856 -2380
857 -2383
858 -2386
859 -2389
860 -2392
861 -2396
862 -2399
863 -2402
864 -2405
865 -2406
866 -2409
867 -2412
868 -2416
869 -2419
870 -2422
871 -2425
872 -2428
873 -2429
874 -2432
875 -2435
876 -2438
877 -2442
878 -2443
879 -2446
880 -2449
881 -2452
882 -2456
883 -2459
884 -2462
885 -2465
886 -2468
887 -2471
888 -2474
889 -2477
890 -2480
891 -2483
892 -2486
893 -2487
894 -2490
895 -2493
896 -2496
897 -2499
898 -2502
899 -2505
900 -2508
901 -2512
902 -2515
903 -2518
904 -2521
905 -2524
906 -2525
907 -2528
908 -2531
909 -2534
910 -2537
911 -2538
912 -2541
913 -2545
914 -2548
915 -2551
916 -2554
917 -2557
918 -2560
919 -2562
920 -2563
921 -2566
922 -2569
923 -2572
924 -2575
925 -2579
926 -2582
927 -2585
928 -2588
929 -2591
930 -2594
931 -2595
932 -2598
933 -2601
934 -2604
935 -2607
936 -2611
937 -2614
938 -2617
939 -2619
940 -2622
941 -2623
942 -2626
943 -2628
944 -2631
945 -2634
946 -2637
947 -2641
948 -2644
949 -2647
950 -2650
951 -2653
952 -2656
953 -2659
954 -2663
955 -2666
956 -2668
957 -2671
958 -2673
959 -2676
960 -2679
961 -2682
962 -2685
963 -2689
964 -2692
965 -2693
966 -2695
967 -2698
968 -2701
969 -2704
970 -2707
971 -2710
972 -2713
973 -2717
974 -2720
975 -2721
976 -2724
977 -2727
978 -2731
979 -2734
980 -2737
981 -2740
982 -2741
983 -2744
984 -2746
985 -2749
986 -2750
987 -2754
988 -2757
989 -2760
990 -2763
991 -2766
992 -2769
993 -2772
994 -2775
995 -2776
996 -2779
997 -2780
998 -2783
999 -2786
1000 -2789
