2
3
5
7
11
13
17
19
23
29
31
37
41
43
47
53
59
61
67
71
73
79
83
89
97
101
103
107
109
113
127
131
137
139
149
151
157
163
167
173
179
181
191
197
199
211
223
227
229
233
239
241
251
257
271
277
283
293
311
313
317
331
347
359
367
373
379
401
431
443
461
463
467
499
503
509
521
523
541
569
577
599
601
607
613
619
647
653
673
683
709
727
739
751
797
809
811
853
877
907
911
937
941
947
983
991
1013
1019
1031
1069
1087
1091
1129
1153
1163
1181
1187
1237
1277
1279
1289
1303
1307
1367
1381
1453
1481
1523
1559
1571
1601
1613
1753
1759
1889
1949
1987
2039
2161
2221
2281
2393
2417
2663
2713
2789
2887
2999
3041
3061
3067
3089
3119
3121
3169
3191
3217
3391
3463
3511
3517
3541
3643
3769
3779
3853
3863
3911
4019
4091
4111
4259
4493
4583
4597
4603
4651
4751
4799
4909
5107
5417
5441
5573
5659
6091
6163
6373
6389
6397
6917
7039
7043
7411
7523
7583
7817
7927
8423
8563
8627
8839
9767
10457
10559
10939
11279
11353
11971
12109
12329
12473
12653
12739
12809
12919
13411
13789
14369
14771
15121
16249
16333
16421
16631
16693
17047
17791
18013
18913
19867
21757
22073
22171
22861
24247
24527
24917
26141
28591
28927
29201
30259
30853
32057
32297
33391
33851
35023
41233
42821
43189
43721
44131
46591
49123
51263
51341
52901
53629
53639
54833
65629
71411
72271
75253
75833
76771
78607
79367
80953
94253
95261
101203
114067
118189
118801
123619
130517
135623
143947
149717
152423
153641
161461
187547
193679
194867
200383
204751
212701
230597
258733
273797
284657
288833
300119
313477
327647
329941
333871
339257
345907
426863
436871
475297
502807
525697
526871
621611
651853
810553
878737
917327
966803
1017881
1068101
1105913
1123279
1125139
1158841
1189651
1190513
1230631
1290683
1349807
1437251
1439287
1466957
1623701
1678277
1714759
1756639
1769473
1811141
1815403
1821707
2062381
2210107
2597533
2675557
2697733
2979253
3147049
3411701
3477193
3732109
4378201
4786213
4810307
5017037
5088913
5165653
5458223
5782291
7267433
7450039
9919193
11038123
11123771
11627309
12036853
13503983
15642293
15748121
16117103
16293709
16843763
17692613
18705941
19595507
21689597
22263569
23137547
24144697
30168011
31219729
31408991
33007433
35742029
39571589
45343789
45682591
50392193
51179327
52386283
53387051
55228357
57470909
57713323
62363251
67321039
68878841
72118441
73821863
84942079
89345257
92745739
99525233
102251231
105964373
108573523
111815087
120361987
128168101
129706267
143387903
145261411
170420821
189066719
196838267
204069263
206522903
247709779
261644891
279384649
289720051
290328047
296639393
377850899
390120509
394909447
399320591
399862361
449917889
474772229
496501723
604233281
677898301
775900651
835996339
961916339
1012307071
1022090777
1034726207
1104769163
1130063089
1276262783
1376323127
1387271471
1418896363
1463621591
1618455677
1634389987
1666965059
1813110797
1883183761
1931813963
1964411737
2084656339
2142207827
2501509379
2505013723
2721660787
3030445387
3211183211
3431873899
3449252363
3610337981
3758288603
3886045633
4490256751
4522823519
4660829203
5335335211
5465225099
6246073153
6522888319
6608832661
7118181533
7551791567
8067774497
9121952491
9357271333
12122544283
12143755081
13961402129
14397265829
15032724013
20651730409
23642578733
25084266359
35801984243
43011938251
43815373687
45181157867
49980213343
71055159937
146257752083
172477653991
182879655593
228345060379
256784956591
258690803851
292207779163
297603119071
315942563737
350604039551
350737390831
364148211209
452100449741
595192748879
599342540099
655857429041
740406071813
859257036259
962054203309
1061958490511
1153929569843
1209331666867
1350675311441
1596899264419
1832651281459
1853767605161
2337980459861
2412283239859
2952795526741
3096049809383
3641599001219
3700198301407
3853254754967
4174200952681
4189529884459
5792688085739
6417517893491
6758847359447
8496358995643
9367290955541
9934389995249
10300789571213
12947236602187
13269579308471
14969202179383
15011194746557
15842405611007
21710291471119
22455445786817
33740568886553
38614940387293
39852303700003
47013224061319
54898161457127
66507054593299
86351721217907
88003588750669
90420751035931
96709539317201
125831783320571
133578549596081
179981492001889
239760658585807
257036316731639
307833930644203
353312496197861
410613076508699
521845650935569
865252586740571
868711762772471
974872480075829
1068250396355573
1123460390190091
1194888576072091
1476342474406759
1483398061194277
1591356884791277
1851660955792477
2532349728015299
2688237874641409
3649039943138033
4615161567701999
5766611709588259
6906794442245927
6948131790459407
7129763692644907
8166090096149911
8308475676071413
9647886019564813
10567889515208903
10900494140674939
11038436757548471
11251223678242069
14839683336419017
16655258595913603
18836286194043641
63186539723577497
83039633268945697
89626966666659827
97266672953292277
292810008440530123
330083824660722439
581535317003127481
674464268869274977
674672720039496037
1037257958982410527
1252205350667723657
1282934064985326977
1814507915876121071
4332696358733373457
9670596449961538913
23818343988967755319
25777821480557336017
36693424661311252997
46858220729781791489
54777437615079105991
55782362519794174081
71952341419928966371
75157763339900357651
138613953787999806719
145949291218539720719
319988447520300554621
327033806488198658171
564982895268105721087
578256191549058763967
881196447153797210617
1019155551073390065373
1152103070861311990567
1881512748629379008933
2477201257046531399831
2844434001269627828783
2971814878235479924213
3876849118743036123169
4939695780628938754847
10922713310718234928561
22673665034562629167007
23241560648369540947007
29792742241519577123723
30755003310552165121241
34918470225660868578167
35265497428421571545237
49566201248508475546723
52765626310871524219769
57524912931153279285967
65332794124035517737631
121823389214993262890297
129882136063656181313509
189957893612838517267061
238319520082455179230901
366751448517289166567507
540935917814791413258389
678209445473726709080777
1072782128567282855315039
2438890978192889490130981
2607619970534742501142069
4097425722814870501750027
5547777236472425061422657
6255801682308107501611939
12089711795346540523800293
16223342078849817010718849
18712936424989555929478399
21656051585046364524395089
33089538087518197265265053
50181679161380508176090501
59017279006673853482475689
69442311247884384744096581
72143526680202408596508799
151296378525102203388346189
220639339061394154385983823
319174266576457649040084823
344924244303295816495032157
467978980723278658134600017
885962415125636289188463869
5949269916608349374368264831
7690929649893487130760222347
13288820301002347322382772769
18931001222053567659972075047
24350824393100367598521157441
28389161986882946018325701897
45811515442003960460099942651
113090049128593775731305780181
173082369408090882957108869969
917546126718667312210004739359
2081978503432161073350874430821
3706744784027901056001426046777
4064661599738415396279098270261
11667094407302642807490159301277
86754240313734089696843349346661
93072922824766566567768442402519
220581485388414661593519979370771
426702672788176702435652976517619
485240944406043416435941190113333
33716362272572345351978861258895209
71390396918591830182237959705744641
441731977174163487542111577539726749
453190074064393495190773755017652247
467286378036900065597110992698129627
678947892694155341923379077407684653
17404858255585899140058606434748914537
18234812726673333988788742328093848793
52260221223007872743384258441159930329
109372661574127837007959097317735411121
142533635763834905022317403438538106689
5415617656474189392601483764603009147911
21034137982005155236145561292210835084361
29971031882457634609852680847686251943317
37311795374684221788102577672620935022701
69806150833129469702241285634418469092261
96513008244398921562099305449602682965323
128548159915501079906799324521471122535581
5504559912367454438295149601552867774551041
66076192121556175190138089562410746399109073
91479820611369205267924863199536513832217953
96754153417988743222695506250425178335278781
190395089953894891189281091736983632645331931
2871080232471495934021653967701541108613371057
3804796914905629947782783176497447433056300673
4442288093165186933753059824843132778546864729
4476784590773507504219451975358661227634604289
13239299873681306480869143752057086094694552407
776608774003332977699738989914377031406165943489
1487965543982552577200370139716504126134573487841
1975783627239622801952043181949336676523721088629
98704160856892726169859475666929224642658253490099
448583441180516821621320259546896223296373907144113
681195332272435073462164213069789780765696608423481
10218004525815126545868469943487168366937255818391163
81477382431617858607629654669086224895030590860856949
1441642672303502027723568412074125039561184677294613349
1586997602061240784213075478539371666587718903373678159
1771052383785311834993979061208604132871538232335055323
2224658011938594415822497545769437225933713909741322549
4141591345095168649790005875768086611455076505611166279
16940220143895123609020488909230648807347076448219872853
190452757734166693416188232333259334611734162845489390418059
13055369049845151421562673963068310715129211918218895785368571
748294379551351547309579716601707756498905354854859516129556133
4078812653263891607034642347735526263222971482322832583856613441
4685165561827338796028717898771987572324741651023755870645553949
20679893341907378249919955987757483932846633610599367336113869677
30445640085060252589094308546324740821837930438456004090264769151
158400247194032517114645379347463054616952506288341051992127524371
11623622370200394561800507172511384828996177438754510263275872371913
11825523118615173197502446002728268259724026363566923708566001149123
25381603104475027190830989059811875365234972412236253418807674044481
224690133218881151252602753388830692415125120972614888557571233246513
3344456987746930138631822411149806794710441073001296631385753707501227
1474339241979213097094329426579438949847711959739988164520170173919543019
1617796842248675690632434479247655080197916188170687651874396287605885943
2056156715909184026132747632727779809352896881830754843064666748922417153
1137089799261311878547509623397801472835395151221348397140205614034351359377
87951744462008749649348751784002342702203325604103216176784227054268232116293
1324263922885568203827538696391313919190299211983096496582661135144957500774771
1631481172682230888933717510814904903322277031646678719107694729251345099067292373
43917711251563303775439749470615275651919009839779126156077932235038449963463079517
3541865184678001629601182607226312880348900246844848900227068283166325369629573991313
7312238388545260672268685822022236441690231083090644547260008735024402747827401799039
4483440372080567294617121633338433975799345243491320079067479932342810228530227200671373
510511696126019808808236481554559919288831861639367780232986027143088905987751279464964569
2385152175106155830668276820914577750582095477513289249502333328800859279231550379002369437
2975755149892502017761442206397381501294987050078840501836673559420025718611870754546792073
189480492770041397975778744916436090908111415209216521065245015362538780184733923955090125011
7914695431991081178555838906948006630214230434758907150001616425065499127576368383425223083297
12355503626172786037279469976176282283397864072628868373427595840785303013447717379263356481433
57999185025539581493090229022659057407046561926157771218233736154789469010389546134055763746997
716004722254150586483843313158263592817803974805568194113667109128698119199668739510916110374031
1232560116019241948254195923713574444418269087218170388702566637060708432758564543801513313435003
244325056337062272469154317119778326007522724375712551901020784140917502333620946432057740074247159
326638085447941270182143980995395782788476970814706644749940729528404612096239900219479360678030127
3892390194218645736560211718067925517775155309393407847029027375197651980758092755512331680882731929
19334634570794597874282359270708598778922377643006273044425599731834360178326725701290113727046644961
80928237269671741847251176442051230228132913831062450594358151265525588922400325147005752739661876019
5257875980823060025161989259479167407618986741511789127217197204189147347509304829105884519047315609357
9529979513297872090944082176810466905146436569031922355314552189529971609287404512991501436510263046431
78550880421960910045725733457082622904976800065728761972806264115655795567291460808947772426698634661509
79159166944790863542342035580567700871333581386748195916535938401239061672133983522915259717378301248272957
233168124361466902944146099855900103168298336973117660251047536278410398151410570271601591803427840895029573
596797125348335536627185801694933317807298312560463320551394686643698469578957649460916482413383929168101631
97307019427933601730313435852553855574587320243165126450409979970503810321948072508820320776101506693631743787
160609702226564934871769367637604043150490881457998804263724628334834659339646664655301520918741800172705479717
8402296877084245636527845664762022955688856629818203814039896335212323787639106029711180264464450584714475831081
27074564821365993301638001206958026410300450845667511953219872049205059398636855089534014521039395489209448269731
79379684365121200540074047591147140542460496235458138489508677738334605570121814426485117922308620342259219122429
164853464798393151511356156289762200575122773801949600629560294634580313680599127053982894889995189794735466895119
16537654195779115452085989138575434836851289636159339542929128160183686876788663786928798769682882741367314660621029
43287923588860077733151721662275296467194175854379832571565911228616000410077677224181081033204896924979589411918456508547201
245289251993982856094156277577608404269873793786599973130102184325224471143204231199123108701419629477860118533938997808860701
327487748935034436140092523811338219703752124051891504042381774719137598761092693894443884014138933899804173004823156541697713
6119196047318155881071321597670976075264953130076917334206317777952208821194636834060838300796681794309836215092286809999933859
23738139268537590206883527079655170564630066989225472455317256070999323579605002060949400881236203810641821862903434018510186009610511699191
33138209996227094175301272382137857317340226024600046391016469549509423923218156186003630641092474661686802611798393277995398615210685360809
15411267935624560746503422154192060735654946200813373057159461202228335655539331091962808118604240541265521091783630320332376356814622960926093
26530781642034476718502313327970096030290047554836547278094547793019053742289833736552786286890695511249799288531238767159656593259713779239907
1823269710304105839284831007210929690372297543197305275562746521785454576365391992704799651330917664301820569983349019836821297297023820367595810298059
2310258942683190562148481349981529646166666457710725946445425378874927493014424039752199250428288421137405176030220678259087985564776929828767588285591
647762862045807583832036089265238362727899898079339354405235894851158438173650422654045381281492110241570912663690359389778909529774668266908592416498348856300467
81289778058956266070332646701004865005957729411315846193521722462000233024701829247399958531604693185089159216840434539144347083910244676679456195607708735639313427
2014946908126268643562324034274510802291607219184297470819235539199930760931178111375471383218619065999437213692862228834144004507405010566482975467510026391893737893
2821594399022506045260907988881750768134579956275599251807250458645782428383408927406009458945953444463564355939175881354250587345715900852529152005426789424094520021323
633253493734999759793567866901093615000660202729464171721664981941672355364244979546033697842584415925459377122074668562830876181453746637033053422944132164520381030890363
474899201911338881950956011726678255032132484767164521661790375056741861961568511982561766109629656634221234431298994754209604778476433330905036092651869706813369438025592069129
191513822000800271461386480080346398595476622849042477355693361771517488657715528360851816690277903228983539095849848639342470604943315995243199368402520964016310098028081653466011863
95758009093092999931626631706893838237446804628957426949545161439643850763983152977771070456646529606514514350669236880120878528179383004060084979184123521819930400481691041161410407051
486882611516222054948027230527090755632007249470562618772705150226666757269379397851701811665148878558631224270351349942558007042949108773010056679050116253803574164282317671667506144553
643897860409539199657108743448881976777365182339100431511269691096985452914054473614467986092088944695904034402222685589020756827368721041445591222744297916341457480713464115193376230466835244912640871
20935997085994354428625165832568216205357586289833142037175405671543840180497605235553518623409887008129131154591902443542692796119052153354278268053219461692294780071701582743195860483406058135687932783227337
22156723182924383293415517890939196687565977107005064913622292894971684071867003068986128212655141573741060418424816873907952381376587035978526994468873432733002148738098978790716880067275297057598545539637098807
