10 2 0 P: 2
10 3 0 P: 3
10 4 1 FF: 2 2
10 4 2 P: 211
10 5 0 P: 5
10 6 1 P: 23
10 7 0 P: 7
10 8 1 FF: 2 2 2
10 8 2 FF: 2 3 37
10 8 3 FF: 3 19 41
10 8 4 FF: 3 3 3 7 13 13
10 8 5 FF: 3 11123771
10 8 6 FF: 7 149 317 941
10 8 7 FF: 229 31219729
10 8 8 FF: 11 2084656339
10 8 9 FF: 3 347 911 118189
10 8 10 FF: 11 613 496501723
10 8 11 FF: 97 130517 917327
10 8 12 FF: 53 1832651281459
10 8 13 P: 3331113965338635107
10 9 1 FF: 3 3
10 9 2 P: 311
10 10 1 FF: 2 5
10 10 2 FF: 5 5
10 10 3 FF: 5 11
10 10 4 P: 773
10 11 0 P: 11
10 12 1 P: 223
10 13 0 P: 13
10 14 1 FF: 2 7
10 14 2 FF: 3 3 3
10 14 3 FF: 3 3 37
10 14 4 FF: 47 71
10 14 5 P: 13367
10 15 1 FF: 3 5
10 15 2 FF: 5 7
10 15 3 FF: 3 19
10 15 4 P: 1129
10 16 1 FF: 2 2 2 2
10 16 2 FF: 2 11 101
10 16 3 FF: 3 11 6397
10 16 4 P: 31636373
10 17 0 P: 17
10 18 1 P: 233
10 19 0 P: 19
10 20 1 FF: 2 2 5
10 20 2 FF: 3 3 5 5
10 20 3 FF: 5 11 61
10 20 4 FF: 11 4651
10 20 5 FF: 3 3 12739
10 20 6 FF: 17 194867
10 20 7 FF: 19 41 22073
10 20 8 FF: 709 273797
10 20 9 FF: 3 97 137 17791
10 20 10 FF: 11 3610337981
10 20 11 FF: 7 3391 4786213
10 20 12 FF: 3 3 3 3 7 23 31 1815403
10 20 13 FF: 13 17 23 655857429041
10 20 14 FF: 7 7 2688237874641409
10 20 15 P: 3318308475676071413
10 21 1 P: 37
10 22 1 P: 211
10 23 0 P: 23
10 24 1 FF: 2 2 2 3
10 24 2 P: 331319
10 25 1 FF: 5 5
10 25 2 FF: 5 11
10 25 3 P: 773
10 26 1 FF: 2 13
10 26 2 FF: 3 71
10 26 3 FF: 7 53
10 26 4 P: 3251
10 27 1 FF: 3 3 3
10 27 2 FF: 3 3 37
10 27 3 FF: 47 71
10 27 4 P: 13367
10 28 1 P: 227
10 29 0 P: 29
10 30 1 FF: 2 3 5
10 30 2 P: 547
10 31 0 P: 31
10 32 1 FF: 2 2 2 2 2
10 32 2 P: 241271
10 33 1 P: 311
10 34 1 FF: 2 17
10 34 2 FF: 7 31
10 34 3 FF: 17 43
10 34 4 FF: 3 7 83
10 34 5 P: 31397
10 35 1 FF: 5 7
10 35 2 FF: 3 19
10 35 3 P: 1129
10 36 1 FF: 2 2 3 3
10 36 2 P: 71129
10 37 0 P: 37
10 38 1 FF: 2 19
10 38 2 P: 373
10 39 1 P: 313
10 40 1 FF: 2 2 2 5
10 40 2 FF: 5 5 89
10 40 3 FF: 3 3 3 3 3 23
10 40 4 FF: 7 7 59 1153
10 40 5 FF: 29 2675557
10 40 6 FF: 3 31 3147049
10 40 7 FF: 809 1019 4019
10 40 8 FF: 3 53639 502807
10 40 9 P: 3314192745739
10 41 0 P: 41
10 42 1 FF: 2 3 7
10 42 2 P: 379
10 43 0 P: 43
10 44 1 FF: 2 2 11
10 44 2 FF: 3 11 67
10 44 3 FF: 3 3 3463
10 44 4 FF: 13 113 227
10 44 5 FF: 173 229 331
10 44 6 FF: 11 15748121
10 44 7 FF: 541 2062381
10 44 8 FF: 11 607 810553
10 44 9 P: 22815088913
10 45 1 FF: 3 3 5
10 45 2 FF: 5 67
10 45 3 FF: 3 3 3 3 7
10 45 4 FF: 17 37 53
10 45 5 FF: 239 727
10 45 6 P: 3411949
10 46 1 P: 223
10 47 0 P: 47
10 48 1 FF: 2 2 2 2 3
10 48 2 FF: 71 313
10 48 3 FF: 3 11 2161
10 48 4 FF: 3 13 199 401
10 48 5 FF: 19 43 109 3517
10 48 6 FF: 11 17 109 877 1087
10 48 7 FF: 23 1481 7039 46591
10 48 8 FF: 3 3 7 53 67 1034726207
10 48 9 FF: 3 11251223678242069
10 48 10 FF: 23 4583 2952795526741
10 48 11 FF: 359 5782291 1130063089
10 48 12 FF: 835996339 43011938251
10 48 13 FF: 31 49123 54898161457127
10 48 14 FF: 467 79367 8496358995643
10 48 15 P: 6161791591356884791277
10 49 1 FF: 7 7
10 49 2 FF: 7 11
10 49 3 FF: 3 3 79
10 49 4 FF: 31 109
10 49 5 FF: 13 2393
10 49 6 FF: 3 44131
10 49 7 FF: 17 31 653
10 49 8 FF: 7 11 43 523
10 49 9 FF: 11 11 577 1019
10 49 10 FF: 311 35742029
10 49 11 FF: 7 17 261644891
10 49 12 FF: 11 19 3431873899
10 49 13 FF: 11 613 4799 345907
10 49 14 FF: 3 204751 189066719
10 49 15 FF: 3 1068250396355573
10 49 16 FF: 621611 49980213343
10 49 17 FF: 3 3 6906794442245927
10 49 18 FF: 73 4615161567701999
10 49 19 FF: 3 13 18836286194043641
10 49 20 FF: 3 3 3 43 14369 161461 11627309
10 49 21 FF: 3 32057 1618455677 2142207827
10 49 22 FF: 3 1367 2221 5573 475297 1376323127
10 49 23 FF: 7 3391 51263 25777821480557336017
10 49 24 FF: 47 67 347 431 120361987 12947236602187
10 49 25 FF: 3 7 7 17 12809 57470909 57713323 4490256751
10 49 26 FF: 3096049809383 121823389214993262890297
10 49 27 FF: 7 379 62363251 18712936424989555929478399
10 49 28 FF: 13 1181 145261411 33089538087518197265265053
10 49 29 FF: 3 19 521 441731977174163487542111577539726749
10 49 30 FF: 59 5415617656474189392601483764603009147911
10 49 31 FF: 13 8423 1466957 3706744784027901056001426046777
10 49 32 FF: 3 12919 2501509379 96709539317201 1476342474406759
10 49 33 FF: 3 2039 2713 3121 399320591 151296378525102203388346189
10 49 34 FF: 13 3119 651853 9121952491 13288820301002347322382772769
10 49 35 FF: 11 1037257958982410527 11667094407302642807490159301277
10 49 36 FF: 11 521 947 18705941 109372661574127837007959097317735411121
10 49 37 FF: 63186539723577497 18234812726673333988788742328093848793
10 49 38 FF: 7 11 11 131 139 197 4493 5335335211 86754240313734089696843349346661
10 49 39 FF: 3 7 7 11 13 71 101 6948131790459407 678947892694155341923379077407684653
10 49 40 FF: 73 101 135623 125831783320571 29971031882457634609852680847686251943317
10 49 41 FF: 3 11 11971 72271 564982895268105721087 453190074064393495190773755017652247
10 49 42 FF: 3 7 31 1153929569843 4141591345095168649790005875768086611455076505611166279
10 49 43 FF: 3 3 3 3 3 7 11 151 1013 16117103 17692613 68878841 350604039551 18931001222053567659972075047
10 49 44 FF: 379 87951744462008749649348751784002342702203325604103216176784227054268232116293
10 49 45 FF: 7 11 13 127 223 678209445473726709080777 1975783627239622801952043181949336676523721088629
10 49 46 FF: 1187 526871 1137089799261311878547509623397801472835395151221348397140205614034351359377
10 49 47 FF: 727 43189 238319520082455179230901 1586997602061240784213075478539371666587718903373678159
10 49 48 FF: 7 17 133578549596081 30755003310552165121241 1487965543982552577200370139716504126134573487841
10 49 49 FF: 101 31408991 1813110797 315942563737 22673665034562629167007 17404858255585899140058606434748914537
10 49 50 FF: 7 223 4097425722814870501750027 158400247194032517114645379347463054616952506288341051992127524371
10 49 51 FF: 13 19 43 647 7129763692644907 1474339241979213097094329426579438949847711959739988164520170173919543019
10 49 52 FF: 7 313477 1123279 1964411737 3641599001219 748294379551351547309579716601707756498905354854859516129556133
10 49 53 FF: 7 7 1163 1753 1666965059 43917711251563303775439749470615275651919009839779126156077932235038449963463079517
10 49 54 FF: 3 3 3 7 167 244325056337062272469154317119778326007522724375712551901020784140917502333620946432057740074247159
10 49 55 FF: 95261 436871 49566201248508475546723 1617796842248675690632434479247655080197916188170687651874396287605885943
10 49 56 FF: 3 73 21034137982005155236145561292210835084361 20679893341907378249919955987757483932846633610599367336113869677
10 49 57 FF: 23 1987 143387903 72143526680202408596508799 113090049128593775731305780181 69806150833129469702241285634418469092261
10 49 58 FF: 3 9670596449961538913 327033806488198658171 2477201257046531399831 98704160856892726169859475666929224642658253490099
10 49 59 FF: 13 19 160609702226564934871769367637604043150490881457998804263724628334834659339646664655301520918741800172705479717
10 49 60 FF: 157 8402296877084245636527845664762022955688856629818203814039896335212323787639106029711180264464450584714475831081
10 49 61 FF: 128168101 172477653991 22455445786817 65332794124035517737631 220639339061394154385983823 220581485388414661593519979370771
10 49 62 FF: 3 7 4939695780628938754847 12355503626172786037279469976176282283397864072628868373427595840785303013447717379263356481433
10 49 63 FF: 7 105964373 24350824393100367598521157441 467286378036900065597110992698129627 4442288093165186933753059824843132778546864729
10 49 64 FF: 2412283239859 96754153417988743222695506250425178335278781 30445640085060252589094308546324740821837930438456004090264769151
10 49 65 FF: 1189651 11038123 7118181533 5792688085739 10922713310718234928561 4078812653263891607034642347735526263222971482322832583856613441
10 49 66 FF: 3 191 313 5441 11353 65629 86351721217907 189480492770041397975778744916436090908111415209216521065245015362538780184733923955090125011
10 49 67 FF: 2393 21757 410613076508699 3876849118743036123169 173082369408090882957108869969 2224658011938594415822497545769437225933713909741322549
10 49 68 FF: 3911 6119196047318155881071321597670976075264953130076917334206317777952208821194636834060838300796681794309836215092286809999933859
10 49 69 FF: 31 3853 327487748935034436140092523811338219703752124051891504042381774719137598761092693894443884014138933899804173004823156541697713
10 49 70 FF: 3 9357271333 578256191549058763967 19334634570794597874282359270708598778922377643006273044425599731834360178326725701290113727046644961
10 49 71 FF: 1759 108573523 111815087 6522888319 16655258595913603 145949291218539720719 11623622370200394561800507172511384828996177438754510263275872371913
10 49 72 FF: 6163 4174200952681 5547777236472425061422657 1232560116019241948254195923713574444418269087218170388702566637060708432758564543801513313435003
10 49 73 FF: 3 3061 7927 3477193 6255801682308107501611939 3892390194218645736560211718067925517775155309393407847029027375197651980758092755512331680882731929
10 49 74 FF: 29201 3804796914905629947782783176497447433056300673 2975755149892502017761442206397381501294987050078840501836673559420025718611870754546792073
10 49 75 FF: 7 33007433 129882136063656181313509 97307019427933601730313435852553855574587320243165126450409979970503810321948072508820320776101506693631743787
10 49 76 FF: 3 3 3 3 17 1418896363 43815373687 10900494140674939 78550880421960910045725733457082622904976800065728761972806264115655795567291460808947772426698634661509
10 49 77 FF: 53 113 503 1158841 35265497428421571545237 27074564821365993301638001206958026410300450845667511953219872049205059398636855089534014521039395489209448269731
10 49 78 FF: 7 11 18913 153641 23738139268537590206883527079655170564630066989225472455317256070999323579605002060949400881236203810641821862903434018510186009610511699191
10 49 79 FF: 67 79 599342540099 1483398061194277 2532349728015299 596797125348335536627185801694933317807298312560463320551394686643698469578957649460916482413383929168101631
10 49 80 FF: 227 878737 4522823519 224690133218881151252602753388830692415125120972614888557571233246513 3344456987746930138631822411149806794710441073001296631385753707501227
10 49 81 FF: 7 1714759 1194888576072091 448583441180516821621320259546896223296373907144113 3541865184678001629601182607226312880348900246844848900227068283166325369629573991313
10 49 82 FF: 3 569 677898301 917546126718667312210004739359 1441642672303502027723568412074125039561184677294613349 4685165561827338796028717898771987572324741651023755870645553949
10 49 83 FF: 13 43 182879655593 1252205350667723657 189957893612838517267061 540935917814791413258389 142533635763834905022317403438538106689 190395089953894891189281091736983632645331931
10 49 84 FF: 81477382431617858607629654669086224895030590860856949 164853464798393151511356156289762200575122773801949600629560294634580313680599127053982894889995189794735466895119
10 49 85 FF: 7 23 10939 329941 5766611709588259 11825523118615173197502446002728268259724026363566923708566001149123 2056156715909184026132747632727779809352896881830754843064666748922417153
10 49 86 FF: 7 11 152423 53387051 29792742241519577123723 4064661599738415396279098270261 9529979513297872090944082176810466905146436569031922355314552189529971609287404512991501436510263046431
10 49 87 FF: 7 73 139 1277 2210107 38614940387293 881196447153797210617 319174266576457649040084823 326638085447941270182143980995395782788476970814706644749940729528404612096239900219479360678030127
10 49 88 FF: 17 89 89 509 200383 6246073153 2081978503432161073350874430821 43287923588860077733151721662275296467194175854379832571565911228616000410077677224181081033204896924979589411918456508547201
10 49 89 FF: 3769 474899201911338881950956011726678255032132484767164521661790375056741861961568511982561766109629656634221234431298994754209604778476433330905036092651869706813369438025592069129
10 49 90 FF: 7 17 19 61 52260221223007872743384258441159930329 66076192121556175190138089562410746399109073 7914695431991081178555838906948006630214230434758907150001616425065499127576368383425223083297
10 49 91 FF: 1017881 1276262783 7551791567 258690803851 1152103070861311990567 245289251993982856094156277577608404269873793786599973130102184325224471143204231199123108701419629477860118533938997808860701
10 49 92 FF: 19 31 41 463 1623701 2697733 292207779163 1851660955792477 485240944406043416435941190113333 79159166944790863542342035580567700871333581386748195916535938401239061672133983522915259717378301248272957
10 49 93 FF: 3 7 1889 486882611516222054948027230527090755632007249470562618772705150226666757269379397851701811665148878558631224270351349942558007042949108773010056679050116253803574164282317671667506144553
10 49 94 FF: 59 4111 7817 239760658585807 14839683336419017 681195332272435073462164213069789780765696608423481 80928237269671741847251176442051230228132913831062450594358151265525588922400325147005752739661876019
10 49 95 FF: 3 7 26141 300119 1811141 1072782128567282855315039 25381603104475027190830989059811875365234972412236253418807674044481 7312238388545260672268685822022236441690231083090644547260008735024402747827401799039
10 49 96 FF: 17 937 2999 15011194746557 33716362272572345351978861258895209 15411267935624560746503422154192060735654946200813373057159461202228335655539331091962808118604240541265521091783630320332376356814622960926093
10 49 97 FF: 19 569 683 7450039 865252586740571 2971814878235479924213 1771052383785311834993979061208604132871538232335055323 716004722254150586483843313158263592817803974805568194113667109128698119199668739510916110374031
10 49 98 FF: 3 3 3 3 17 173 313 1104769163 366751448517289166567507 647762862045807583832036089265238362727899898079339354405235894851158438173650422654045381281492110241570912663690359389778909529774668266908592416498348856300467
10 49 99 FF: 107 22861 3700198301407 581535317003127481 633253493734999759793567866901093615000660202729464171721664981941672355364244979546033697842584415925459377122074668562830876181453746637033053422944132164520381030890363
10 49 100 FF: 3 37 2789 13055369049845151421562673963068310715129211918218895785368571 26530781642034476718502313327970096030290047554836547278094547793019053742289833736552786286890695511249799288531238767159656593259713779239907
10 49 101 FF: 3 3 179 20935997085994354428625165832568216205357586289833142037175405671543840180497605235553518623409887008129131154591902443542692796119052153354278268053219461692294780071701582743195860483406058135687932783227337
10 49 102 FF: 3 7 12473 69442311247884384744096581 5504559912367454438295149601552867774551041 33138209996227094175301272382137857317340226024600046391016469549509423923218156186003630641092474661686802611798393277995398615210685360809
10 49 103 FF: 29 8627 89345257 8067774497 96513008244398921562099305449602682965323 91479820611369205267924863199536513832217953 233168124361466902944146099855900103168298336973117660251047536278410398151410570271601591803427840895029573
10 49 104 FF: 23818343988967755319 54777437615079105991 4483440372080567294617121633338433975799345243491320079067479932342810228530227200671373 510511696126019808808236481554559919288831861639367780232986027143088905987751279464964569
10 49 105 FF: 7 11 79 197 499 4091 15121 643897860409539199657108743448881976777365182339100431511269691096985452914054473614467986092088944695904034402222685589020756827368721041445591222744297916341457480713464115193376230466835244912640871
10 49 106 FF: 43 991 4810307 190452757734166693416188232333259334611734162845489390418059 1823269710304105839284831007210929690372297543197305275562746521785454576365391992704799651330917664301820569983349019836821297297023820367595810298059
10 49 107 FF: 1753 390120509 93072922824766566567768442402519 37311795374684221788102577672620935022701 776608774003332977699738989914377031406165943489 2385152175106155830668276820914577750582095477513289249502333328800859279231550379002369437
10 49 108 FF: 3 67 173 7043 3449252363 350737390831 50181679161380508176090501 426702672788176702435652976517619 16940220143895123609020488909230648807347076448219872853 1631481172682230888933717510814904903322277031646678719107694729251345099067292373
10 49 109 FF: 3 13 461 9919193 10218004525815126545868469943487168366937255818391163 2014946908126268643562324034274510802291607219184297470819235539199930760931178111375471383218619065999437213692862228834144004507405010566482975467510026391893737893
10 49 110 FF: 3 7 619 23642578733 10567889515208903 138613953787999806719 1324263922885568203827538696391313919190299211983096496582661135144957500774771 5257875980823060025161989259479167407618986741511789127217197204189147347509304829105884519047315609357
10 49 111 FF: 3 7 3119 30168011 859257036259 22156723182924383293415517890939196687565977107005064913622292894971684071867003068986128212655141573741060418424816873907952381376587035978526994468873432733002148738098978790716880067275297057598545539637098807
10 49 112 FF: 131 2721660787 364148211209 4332696358733373457 2871080232471495934021653967701541108613371057 2310258942683190562148481349981529646166666457710725946445425378874927493014424039752199250428288421137405176030220678259087985564776929828767588285591
10 49 113 FF: 3 13 23 521845650935569 868711762772471 319988447520300554621 28389161986882946018325701897 4476784590773507504219451975358661227634604289 79379684365121200540074047591147140542460496235458138489508677738334605570121814426485117922308620342259219122429
10 49 114 FF: 19 983 2663 78607 9934389995249 21656051585046364524395089 45811515442003960460099942651 81289778058956266070332646701004865005957729411315846193521722462000233024701829247399958531604693185089159216840434539144347083910244676679456195607708735639313427
10 49 115 FF: 3 3 3 339257 256784956591 36693424661311252997 12089711795346540523800293 191513822000800271461386480080346398595476622849042477355693361771517488657715528360851816690277903228983539095849848639342470604943315995243199368402520964016310098028081653466011863
10 49 116 FF: 227 52386283 39852303700003 34918470225660868578167 71390396918591830182237959705744641 2821594399022506045260907988881750768134579956275599251807250458645782428383408927406009458945953444463564355939175881354250587345715900852529152005426789424094520021323
10 49 117 FF: 3 23 99525233 12143755081 2844434001269627828783 57999185025539581493090229022659057407046561926157771218233736154789469010389546134055763746997 16537654195779115452085989138575434836851289636159339542929128160183686876788663786928798769682882741367314660621029
10 49 118 FF: 31 59 1559 89626966666659827 13239299873681306480869143752057086094694552407 95758009093092999931626631706893838237446804628957426949545161439643850763983152977771070456646529606514514350669236880120878528179383004060084979184123521819930400481691041161410407051
10 50 1 FF: 2 5 5
10 50 2 P: 3517
10 51 1 P: 317
10 52 1 P: 2213
10 53 0 P: 53
10 54 1 P: 2333
10 55 1 FF: 5 11
10 55 2 P: 773
10 56 1 FF: 2 2 2 7
10 56 2 FF: 17 131
10 56 3 P: 37463
10 57 1 FF: 3 19
10 57 2 P: 1129
10 58 1 P: 229
10 59 0 P: 59
10 60 1 FF: 2 2 3 5
10 60 2 P: 35149
10 61 0 P: 61
10 62 1 FF: 2 31
10 62 2 FF: 3 7 11
10 62 3 P: 31237
10 63 1 P: 337
10 64 1 FF: 2 2 2 2 2 2
10 64 2 FF: 2 3 7 11 13 37
10 64 3 FF: 29 101 80953
10 64 4 FF: 853 3411701
10 64 5 FF: 3 181 367 42821
10 64 6 P: 1272505013723
10 65 1 FF: 5 13
10 65 2 FF: 3 3 3 19
10 65 3 FF: 11 13 233
10 65 4 FF: 11 101203
10 65 5 FF: 3 3 23 53629
10 65 6 FF: 3 3 1523 24247
10 65 7 FF: 3 3 3 7 47 3732109
10 65 8 FF: 11 18013 16843763
10 65 9 FF: 151 740406071813
10 65 10 FF: 3 13 13 54833 5458223
10 65 11 FF: 3 3 97 179 373 7523 71411
10 65 12 FF: 1571 1601 1350675311441
10 65 13 FF: 3 3 13 33391 143947 279384649
10 65 14 FF: 11 23 204069263 6417517893491
10 65 15 FF: 7 11 1756639 83039633268945697
10 65 16 FF: 29 29 5165653 13503983 12122544283
10 65 17 FF: 228345060379 1282934064985326977
10 65 18 FF: 3 3 3 2979253 3030445387 9367290955541
10 65 19 P: 1381321118321175157763339900357651
10 66 1 P: 2311
10 67 0 P: 67
10 68 1 FF: 2 2 17
10 68 2 P: 3739
10 69 1 FF: 3 23
10 69 2 FF: 17 19
10 69 3 P: 33191
10 70 1 P: 257
10 71 0 P: 71
10 72 1 FF: 2 2 2 3 3
10 72 2 FF: 3 7411
10 72 3 P: 1119179
10 73 0 P: 73
10 74 1 FF: 2 37
10 74 2 P: 379
10 75 1 FF: 3 5 5
10 75 2 P: 571
10 76 1 FF: 2 2 19
10 76 2 FF: 7 317
10 76 3 P: 333271
10 77 1 FF: 7 11
10 77 2 FF: 3 3 79
10 77 3 FF: 31 109
10 77 4 FF: 13 2393
10 77 5 FF: 3 44131
10 77 6 FF: 17 31 653
10 77 7 FF: 7 11 43 523
10 77 8 FF: 11 11 577 1019
10 77 9 FF: 311 35742029
10 77 10 FF: 7 17 261644891
10 77 11 FF: 11 19 3431873899
10 77 12 FF: 11 613 4799 345907
10 77 13 FF: 3 204751 189066719
10 77 14 FF: 3 1068250396355573
10 77 15 FF: 621611 49980213343
10 77 16 FF: 3 3 6906794442245927
10 77 17 FF: 73 4615161567701999
10 77 18 FF: 3 13 18836286194043641
10 77 19 FF: 3 3 3 43 14369 161461 11627309
10 77 20 FF: 3 32057 1618455677 2142207827
10 77 21 FF: 3 1367 2221 5573 475297 1376323127
10 77 22 FF: 7 3391 51263 25777821480557336017
10 77 23 FF: 47 67 347 431 120361987 12947236602187
10 77 24 FF: 3 7 7 17 12809 57470909 57713323 4490256751
10 77 25 FF: 3096049809383 121823389214993262890297
10 77 26 FF: 7 379 62363251 18712936424989555929478399
10 77 27 FF: 13 1181 145261411 33089538087518197265265053
10 77 28 FF: 3 19 521 441731977174163487542111577539726749
10 77 29 FF: 59 5415617656474189392601483764603009147911
10 77 30 FF: 13 8423 1466957 3706744784027901056001426046777
10 77 31 FF: 3 12919 2501509379 96709539317201 1476342474406759
10 77 32 FF: 3 2039 2713 3121 399320591 151296378525102203388346189
10 77 33 FF: 13 3119 651853 9121952491 13288820301002347322382772769
10 77 34 FF: 11 1037257958982410527 11667094407302642807490159301277
10 77 35 FF: 11 521 947 18705941 109372661574127837007959097317735411121
10 77 36 FF: 63186539723577497 18234812726673333988788742328093848793
10 77 37 FF: 7 11 11 131 139 197 4493 5335335211 86754240313734089696843349346661
10 77 38 FF: 3 7 7 11 13 71 101 6948131790459407 678947892694155341923379077407684653
10 77 39 FF: 73 101 135623 125831783320571 29971031882457634609852680847686251943317
10 77 40 FF: 3 11 11971 72271 564982895268105721087 453190074064393495190773755017652247
10 77 41 FF: 3 7 31 1153929569843 4141591345095168649790005875768086611455076505611166279
10 77 42 FF: 3 3 3 3 3 7 11 151 1013 16117103 17692613 68878841 350604039551 18931001222053567659972075047
10 77 43 FF: 379 87951744462008749649348751784002342702203325604103216176784227054268232116293
10 77 44 FF: 7 11 13 127 223 678209445473726709080777 1975783627239622801952043181949336676523721088629
10 77 45 FF: 1187 526871 1137089799261311878547509623397801472835395151221348397140205614034351359377
10 77 46 FF: 727 43189 238319520082455179230901 1586997602061240784213075478539371666587718903373678159
10 77 47 FF: 7 17 133578549596081 30755003310552165121241 1487965543982552577200370139716504126134573487841
10 77 48 FF: 101 31408991 1813110797 315942563737 22673665034562629167007 17404858255585899140058606434748914537
10 77 49 FF: 7 223 4097425722814870501750027 158400247194032517114645379347463054616952506288341051992127524371
10 77 50 FF: 13 19 43 647 7129763692644907 1474339241979213097094329426579438949847711959739988164520170173919543019
10 77 51 FF: 7 313477 1123279 1964411737 3641599001219 748294379551351547309579716601707756498905354854859516129556133
10 77 52 FF: 7 7 1163 1753 1666965059 43917711251563303775439749470615275651919009839779126156077932235038449963463079517
10 77 53 FF: 3 3 3 7 167 244325056337062272469154317119778326007522724375712551901020784140917502333620946432057740074247159
10 77 54 FF: 95261 436871 49566201248508475546723 1617796842248675690632434479247655080197916188170687651874396287605885943
10 77 55 FF: 3 73 21034137982005155236145561292210835084361 20679893341907378249919955987757483932846633610599367336113869677
10 77 56 FF: 23 1987 143387903 72143526680202408596508799 113090049128593775731305780181 69806150833129469702241285634418469092261
10 77 57 FF: 3 9670596449961538913 327033806488198658171 2477201257046531399831 98704160856892726169859475666929224642658253490099
10 77 58 FF: 13 19 160609702226564934871769367637604043150490881457998804263724628334834659339646664655301520918741800172705479717
10 77 59 FF: 157 8402296877084245636527845664762022955688856629818203814039896335212323787639106029711180264464450584714475831081
10 77 60 FF: 128168101 172477653991 22455445786817 65332794124035517737631 220639339061394154385983823 220581485388414661593519979370771
10 77 61 FF: 3 7 4939695780628938754847 12355503626172786037279469976176282283397864072628868373427595840785303013447717379263356481433
10 77 62 FF: 7 105964373 24350824393100367598521157441 467286378036900065597110992698129627 4442288093165186933753059824843132778546864729
10 77 63 FF: 2412283239859 96754153417988743222695506250425178335278781 30445640085060252589094308546324740821837930438456004090264769151
10 77 64 FF: 1189651 11038123 7118181533 5792688085739 10922713310718234928561 4078812653263891607034642347735526263222971482322832583856613441
10 77 65 FF: 3 191 313 5441 11353 65629 86351721217907 189480492770041397975778744916436090908111415209216521065245015362538780184733923955090125011
10 77 66 FF: 2393 21757 410613076508699 3876849118743036123169 173082369408090882957108869969 2224658011938594415822497545769437225933713909741322549
10 77 67 FF: 3911 6119196047318155881071321597670976075264953130076917334206317777952208821194636834060838300796681794309836215092286809999933859
10 77 68 FF: 31 3853 327487748935034436140092523811338219703752124051891504042381774719137598761092693894443884014138933899804173004823156541697713
10 77 69 FF: 3 9357271333 578256191549058763967 19334634570794597874282359270708598778922377643006273044425599731834360178326725701290113727046644961
10 77 70 FF: 1759 108573523 111815087 6522888319 16655258595913603 145949291218539720719 11623622370200394561800507172511384828996177438754510263275872371913
10 77 71 FF: 6163 4174200952681 5547777236472425061422657 1232560116019241948254195923713574444418269087218170388702566637060708432758564543801513313435003
10 77 72 FF: 3 3061 7927 3477193 6255801682308107501611939 3892390194218645736560211718067925517775155309393407847029027375197651980758092755512331680882731929
10 77 73 FF: 29201 3804796914905629947782783176497447433056300673 2975755149892502017761442206397381501294987050078840501836673559420025718611870754546792073
10 77 74 FF: 7 33007433 129882136063656181313509 97307019427933601730313435852553855574587320243165126450409979970503810321948072508820320776101506693631743787
10 77 75 FF: 3 3 3 3 17 1418896363 43815373687 10900494140674939 78550880421960910045725733457082622904976800065728761972806264115655795567291460808947772426698634661509
10 77 76 FF: 53 113 503 1158841 35265497428421571545237 27074564821365993301638001206958026410300450845667511953219872049205059398636855089534014521039395489209448269731
10 77 77 FF: 7 11 18913 153641 23738139268537590206883527079655170564630066989225472455317256070999323579605002060949400881236203810641821862903434018510186009610511699191
10 77 78 FF: 67 79 599342540099 1483398061194277 2532349728015299 596797125348335536627185801694933317807298312560463320551394686643698469578957649460916482413383929168101631
10 77 79 FF: 227 878737 4522823519 224690133218881151252602753388830692415125120972614888557571233246513 3344456987746930138631822411149806794710441073001296631385753707501227
10 77 80 FF: 7 1714759 1194888576072091 448583441180516821621320259546896223296373907144113 3541865184678001629601182607226312880348900246844848900227068283166325369629573991313
10 77 81 FF: 3 569 677898301 917546126718667312210004739359 1441642672303502027723568412074125039561184677294613349 4685165561827338796028717898771987572324741651023755870645553949
10 77 82 FF: 13 43 182879655593 1252205350667723657 189957893612838517267061 540935917814791413258389 142533635763834905022317403438538106689 190395089953894891189281091736983632645331931
10 77 83 FF: 81477382431617858607629654669086224895030590860856949 164853464798393151511356156289762200575122773801949600629560294634580313680599127053982894889995189794735466895119
10 77 84 FF: 7 23 10939 329941 5766611709588259 11825523118615173197502446002728268259724026363566923708566001149123 2056156715909184026132747632727779809352896881830754843064666748922417153
10 77 85 FF: 7 11 152423 53387051 29792742241519577123723 4064661599738415396279098270261 9529979513297872090944082176810466905146436569031922355314552189529971609287404512991501436510263046431
10 77 86 FF: 7 73 139 1277 2210107 38614940387293 881196447153797210617 319174266576457649040084823 326638085447941270182143980995395782788476970814706644749940729528404612096239900219479360678030127
10 77 87 FF: 17 89 89 509 200383 6246073153 2081978503432161073350874430821 43287923588860077733151721662275296467194175854379832571565911228616000410077677224181081033204896924979589411918456508547201
10 77 88 FF: 3769 474899201911338881950956011726678255032132484767164521661790375056741861961568511982561766109629656634221234431298994754209604778476433330905036092651869706813369438025592069129
10 77 89 FF: 7 17 19 61 52260221223007872743384258441159930329 66076192121556175190138089562410746399109073 7914695431991081178555838906948006630214230434758907150001616425065499127576368383425223083297
10 77 90 FF: 1017881 1276262783 7551791567 258690803851 1152103070861311990567 245289251993982856094156277577608404269873793786599973130102184325224471143204231199123108701419629477860118533938997808860701
10 77 91 FF: 19 31 41 463 1623701 2697733 292207779163 1851660955792477 485240944406043416435941190113333 79159166944790863542342035580567700871333581386748195916535938401239061672133983522915259717378301248272957
10 77 92 FF: 3 7 1889 486882611516222054948027230527090755632007249470562618772705150226666757269379397851701811665148878558631224270351349942558007042949108773010056679050116253803574164282317671667506144553
10 77 93 FF: 59 4111 7817 239760658585807 14839683336419017 681195332272435073462164213069789780765696608423481 80928237269671741847251176442051230228132913831062450594358151265525588922400325147005752739661876019
10 77 94 FF: 3 7 26141 300119 1811141 1072782128567282855315039 25381603104475027190830989059811875365234972412236253418807674044481 7312238388545260672268685822022236441690231083090644547260008735024402747827401799039
10 77 95 FF: 17 937 2999 15011194746557 33716362272572345351978861258895209 15411267935624560746503422154192060735654946200813373057159461202228335655539331091962808118604240541265521091783630320332376356814622960926093
10 77 96 FF: 19 569 683 7450039 865252586740571 2971814878235479924213 1771052383785311834993979061208604132871538232335055323 716004722254150586483843313158263592817803974805568194113667109128698119199668739510916110374031
10 77 97 FF: 3 3 3 3 17 173 313 1104769163 366751448517289166567507 647762862045807583832036089265238362727899898079339354405235894851158438173650422654045381281492110241570912663690359389778909529774668266908592416498348856300467
10 77 98 FF: 107 22861 3700198301407 581535317003127481 633253493734999759793567866901093615000660202729464171721664981941672355364244979546033697842584415925459377122074668562830876181453746637033053422944132164520381030890363
10 77 99 FF: 3 37 2789 13055369049845151421562673963068310715129211918218895785368571 26530781642034476718502313327970096030290047554836547278094547793019053742289833736552786286890695511249799288531238767159656593259713779239907
10 77 100 FF: 3 3 179 20935997085994354428625165832568216205357586289833142037175405671543840180497605235553518623409887008129131154591902443542692796119052153354278268053219461692294780071701582743195860483406058135687932783227337
10 77 101 FF: 3 7 12473 69442311247884384744096581 5504559912367454438295149601552867774551041 33138209996227094175301272382137857317340226024600046391016469549509423923218156186003630641092474661686802611798393277995398615210685360809
10 77 102 FF: 29 8627 89345257 8067774497 96513008244398921562099305449602682965323 91479820611369205267924863199536513832217953 233168124361466902944146099855900103168298336973117660251047536278410398151410570271601591803427840895029573
10 77 103 FF: 23818343988967755319 54777437615079105991 4483440372080567294617121633338433975799345243491320079067479932342810228530227200671373 510511696126019808808236481554559919288831861639367780232986027143088905987751279464964569
10 77 104 FF: 7 11 79 197 499 4091 15121 643897860409539199657108743448881976777365182339100431511269691096985452914054473614467986092088944695904034402222685589020756827368721041445591222744297916341457480713464115193376230466835244912640871
10 77 105 FF: 43 991 4810307 190452757734166693416188232333259334611734162845489390418059 1823269710304105839284831007210929690372297543197305275562746521785454576365391992704799651330917664301820569983349019836821297297023820367595810298059
10 77 106 FF: 1753 390120509 93072922824766566567768442402519 37311795374684221788102577672620935022701 776608774003332977699738989914377031406165943489 2385152175106155830668276820914577750582095477513289249502333328800859279231550379002369437
10 77 107 FF: 3 67 173 7043 3449252363 350737390831 50181679161380508176090501 426702672788176702435652976517619 16940220143895123609020488909230648807347076448219872853 1631481172682230888933717510814904903322277031646678719107694729251345099067292373
10 77 108 FF: 3 13 461 9919193 10218004525815126545868469943487168366937255818391163 2014946908126268643562324034274510802291607219184297470819235539199930760931178111375471383218619065999437213692862228834144004507405010566482975467510026391893737893
10 77 109 FF: 3 7 619 23642578733 10567889515208903 138613953787999806719 1324263922885568203827538696391313919190299211983096496582661135144957500774771 5257875980823060025161989259479167407618986741511789127217197204189147347509304829105884519047315609357
10 77 110 FF: 3 7 3119 30168011 859257036259 22156723182924383293415517890939196687565977107005064913622292894971684071867003068986128212655141573741060418424816873907952381376587035978526994468873432733002148738098978790716880067275297057598545539637098807
10 77 111 FF: 131 2721660787 364148211209 4332696358733373457 2871080232471495934021653967701541108613371057 2310258942683190562148481349981529646166666457710725946445425378874927493014424039752199250428288421137405176030220678259087985564776929828767588285591
10 77 112 FF: 3 13 23 521845650935569 868711762772471 319988447520300554621 28389161986882946018325701897 4476784590773507504219451975358661227634604289 79379684365121200540074047591147140542460496235458138489508677738334605570121814426485117922308620342259219122429
10 77 113 FF: 19 983 2663 78607 9934389995249 21656051585046364524395089 45811515442003960460099942651 81289778058956266070332646701004865005957729411315846193521722462000233024701829247399958531604693185089159216840434539144347083910244676679456195607708735639313427
10 77 114 FF: 3 3 3 339257 256784956591 36693424661311252997 12089711795346540523800293 191513822000800271461386480080346398595476622849042477355693361771517488657715528360851816690277903228983539095849848639342470604943315995243199368402520964016310098028081653466011863
10 77 115 FF: 227 52386283 39852303700003 34918470225660868578167 71390396918591830182237959705744641 2821594399022506045260907988881750768134579956275599251807250458645782428383408927406009458945953444463564355939175881354250587345715900852529152005426789424094520021323
10 77 116 FF: 3 23 99525233 12143755081 2844434001269627828783 57999185025539581493090229022659057407046561926157771218233736154789469010389546134055763746997 16537654195779115452085989138575434836851289636159339542929128160183686876788663786928798769682882741367314660621029
10 77 117 FF: 31 59 1559 89626966666659827 13239299873681306480869143752057086094694552407 95758009093092999931626631706893838237446804628957426949545161439643850763983152977771070456646529606514514350669236880120878528179383004060084979184123521819930400481691041161410407051
10 78 1 FF: 2 3 13
10 78 2 FF: 3 3 257
10 78 3 FF: 7 4751
10 78 4 FF: 3 24917
10 78 5 FF: 101 3217
10 78 6 FF: 3 17 19867
10 78 7 FF: 3 89 118801
10 78 8 P: 3129706267
10 79 0 P: 79
10 80 1 FF: 2 2 2 2 5
10 80 2 FF: 5 5 7 127
10 80 3 FF: 3 3 103 601
10 80 4 FF: 23 1439287
10 80 5 FF: 3 43 53 33851
10 80 6 FF: 31 521 212701
10 80 7 FF: 11 29 83 1190513
10 80 8 FF: 24917 45343789
10 80 9 FF: 3 13 17 3758288603
10 80 10 FF: 47 109 211 289720051
10 80 11 FF: 521 90420751035931
10 80 12 FF: 3 7 13 28927 6608832661
10 80 13 FF: 13 293 974872480075829
10 80 14 FF: 11 131 4259 1290683 1678277
10 80 15 FF: 19 75253 45682591 170420821
10 80 16 FF: 3541 55782362519794174081
10 80 17 FF: 47 94253 1769473 45181157867
10 80 18 FF: 13 35801984243 10300789571213
10 80 19 FF: 24144697 1012307071 5465225099
10 80 20 FF: 7 344924244303295816495032157
10 80 21 FF: 25084266359 292810008440530123
10 80 22 FF: 3 103 187547 449917889 962054203309
10 80 23 FF: 3 17 1031 59017279006673853482475689
10 80 24 FF: 3 4091 84942079 1022090777 297603119071
10 80 25 FF: 3 7 10457 12329 16693 50392193 14969202179383
10 80 26 FF: 3 30259 71055159937 57524912931153279285967
10 80 27 FF: 3 89 13961402129 885962415125636289188463869
10 80 28 FF: 3 293 41233 11038436757548471 97266672953292277
10 80 29 FF: 3 7 11 1853767605161 7690929649893487130760222347
10 80 30 FF: 2887 128548159915501079906799324521471122535581
10 80 31 P: 313169138727147145210044974146858220729781791489
10 81 1 FF: 3 3 3 3
10 81 2 FF: 3 11 101
10 81 3 FF: 7 7 7 907
10 81 4 FF: 13 13 4603
10 81 5 FF: 3 4378201
10 81 6 FF: 11 13 19 12653
10 81 7 FF: 3 29 443 288833
10 81 8 FF: 3 61 83 21689597
10 81 9 P: 193089459713411
10 82 1 P: 241
10 83 0 P: 83
10 84 1 P: 2237
10 85 1 FF: 5 17
10 85 2 FF: 11 47
10 85 3 P: 3137
10 86 1 FF: 2 43
10 86 2 FF: 3 3 3 3 3
10 86 3 FF: 3 41 271
10 86 4 FF: 3 3 7 5417
10 86 5 FF: 3 1125139
10 86 6 FF: 47 607 1091
10 86 7 FF: 1453 327647
10 86 8 FF: 3 31 137 114067
10 86 9 FF: 23 14397265829
10 86 10 FF: 11 17 89 113 1230631
10 86 11 FF: 3 79 379 43721 284657
10 86 12 FF: 3 10457 1209331666867
10 86 13 FF: 3 13 73 283 3853254754967
10 86 14 FF: 7 7583 15642293 377850899
10 86 15 FF: 7 43 983 55228357 474772229
10 86 16 FF: 73 1019155551073390065373
10 86 17 P: 6012903280474189529884459
10 87 1 FF: 3 29
10 87 2 FF: 7 47
10 87 3 FF: 3 3 83
10 87 4 FF: 17 199
10 87 5 FF: 3 3 3 7 7 13
10 87 6 FF: 3 3 3 123619
10 87 7 FF: 17 19595507
10 87 8 FF: 7 14771 16631
10 87 9 FF: 37 1931813963
10 87 10 FF: 3 3 3 71 3779 51341
10 87 11 FF: 3 73 277 569 966803
10 87 12 FF: 3 3 31 89 15032724013
10 87 13 FF: 7 11 37 79 137 30853 35023
10 87 14 FF: 3 31 196838267 3886045633
10 87 15 FF: 4909 674672720039496037
10 87 16 FF: 73821863 66507054593299
10 87 17 FF: 3 3 17 1069 75833 595192748879
10 87 18 P: 41431881512748629379008933
10 88 1 FF: 2 2 2 11
10 88 2 P: 719167
10 89 0 P: 89
10 90 1 FF: 2 3 3 5
10 90 2 FF: 5 467
10 90 3 P: 71171
10 91 1 FF: 7 13
10 91 2 FF: 23 31
10 91 3 FF: 3 3 7 37
10 91 4 FF: 11 3067
10 91 5 FF: 3 3 17 739
10 91 6 FF: 3 1105913
10 91 7 P: 236122171
10 92 1 FF: 2 2 23
10 92 2 P: 331319
10 93 1 P: 331
10 94 1 FF: 2 47
10 94 2 P: 1319
10 95 1 FF: 5 19
10 95 2 FF: 3 173
10 95 3 FF: 19 167
10 95 4 P: 36389
10 96 1 FF: 2 2 2 2 2 3
10 96 2 FF: 61 3643
10 96 3 FF: 19 32297
10 96 4 FF: 3 61 10559
10 96 5 FF: 3 12036853
10 96 6 FF: 17 43 426863
10 96 7 FF: 107 16293709
10 96 8 FF: 3 3 3 11 241 149717
10 96 9 FF: 1613 20651730409
10 96 10 FF: 3 23 2337980459861
10 96 11 FF: 7 13 103 211 1634389987
10 96 12 FF: 7 76771 13269579308471
10 96 13 FF: 7 3041 3649039943138033
10 96 14 FF: 73 607 24527 258733 2597533
10 96 15 FF: 3 11 31 71952341419928966371
10 96 16 FF: 59 52765626310871524219769
10 96 17 FF: 107 229 1349807 179981492001889
10 96 18 FF: 3 149 7267433 330083824660722439
10 96 19 FF: 9767 394909447 8166090096149911
10 96 20 FF: 6917 1463621591 9647886019564813
10 96 21 FF: 7 6091 16223342078849817010718849
10 96 22 FF: 1279 5949269916608349374368264831
10 96 23 FF: 37 739 467978980723278658134600017
10 96 24 FF: 7 19 19 47 6758847359447 47013224061319
10 96 25 FF: 7 227 1237 51179327 67321039 1061958490511
10 96 26 FF: 3 1437251 72118441 23241560648369540947007
10 96 27 FF: 13789 230597 88003588750669 1123460390190091
10 96 28 P: 172929671097972226356946608292031596899264419
10 97 0 P: 97
10 98 1 P: 277
10 99 1 FF: 3 3 11
10 99 2 P: 71143
