2 0
		1 1, 3 1, 5 1, 7 1, 
3 4
		1 2, 3 2, 5 2, 7 1, 
4 7
		1 2, 3 4, 5 4, 7 3, 9 1, 
5 14
		1 3, 3 5, 5 6, 7 8, 9 9, 11 4, 13 1, 
6 36
		1 3, 3 5, 5 6, 7 4, 9 1, 
7 19
		1 4, 3 10, 5 14, 7 16, 9 13, 11 7, 13 3, 15 1, 
8 68
		1 4, 3 8, 5 13, 7 14, 9 13, 11 4, 13 4, 15 3, 17 2, 19 3, 
9 68
		1 4, 3 9, 5 14, 7 16, 9 15, 11 12, 13 8, 15 5, 
10 83
		1 4, 3 10, 5 14, 7 20, 9 17, 11 11, 13 6, 15 5, 17 1, 19 1, 
11 89
		1 5, 3 12, 5 24, 7 34, 9 32, 11 28, 13 23, 15 13, 17 7, 19 1, 
12 179
		1 5, 3 14, 5 22, 7 28, 9 28, 11 27, 13 24, 15 12, 17 12, 19 4, 
13 176
		1 6, 3 20, 5 43, 7 64, 9 74, 11 74, 13 61, 15 45, 17 24, 19 10, 21 6, 23 5, 25 2, 27 2, 29 1, 31 1, 33 1, 
14 439
		1 6, 3 18, 5 36, 7 53, 9 64, 11 74, 13 56, 15 30, 17 20, 19 7, 21 3, 23 3, 25 3, 
15 373
		1 6, 3 16, 5 37, 7 60, 9 74, 11 77, 13 63, 15 39, 17 22, 19 11, 21 5, 23 2, 25 1, 27 1, 
16 414
		1 6, 3 21, 5 44, 7 74, 9 79, 11 70, 13 63, 15 48, 17 25, 19 14, 21 10, 23 9, 25 4, 27 1, 29 1, 31 1, 33 2, 35 1, 
17 473
		1 7, 3 26, 5 57, 7 96, 9 129, 11 124, 13 125, 15 93, 17 84, 19 45, 21 22, 23 15, 25 9, 27 5, 29 2, 
18 839
		1 7, 3 27, 5 65, 7 117, 9 160, 11 165, 13 145, 15 124, 17 90, 19 63, 21 24, 23 12, 25 7, 27 2, 29 2, 
19 1010
		1 8, 3 34, 5 82, 7 142, 9 193, 11 236, 13 242, 15 217, 17 157, 19 98, 21 60, 23 48, 25 28, 27 20, 29 10, 31 1, 33 1, 
20 1577
		1 8, 3 32, 5 86, 7 166, 9 259, 11 313, 13 343, 15 307, 17 254, 19 199, 21 122, 23 82, 25 54, 27 20, 29 11, 31 7, 33 5, 35 3, 
21 2271
		1 8, 3 29, 5 83, 7 162, 9 270, 11 383, 13 426, 15 412, 17 350, 19 284, 21 195, 23 123, 25 70, 27 26, 29 18, 31 5, 33 1, 35 1, 37 1, 39 1, 
22 2848
		1 8, 3 33, 5 89, 7 169, 9 231, 11 260, 13 250, 15 216, 17 171, 19 142, 21 88, 23 62, 25 30, 27 8, 29 5, 
23 1762
		1 9, 3 38, 5 108, 7 217, 9 346, 11 458, 13 497, 15 508, 17 384, 19 302, 21 207, 23 125, 25 72, 27 45, 29 27, 31 8, 33 7, 35 4, 37 2, 39 3, 41 4, 43 2, 45 2, 47 1, 
24 3376
		1 9, 3 42, 5 124, 7 299, 9 500, 11 695, 13 791, 15 836, 17 756, 19 635, 21 465, 23 307, 25 195, 27 122, 29 82, 31 37, 33 16, 35 2, 
25 5913
		1 9, 3 43, 5 131, 7 281, 9 502, 11 759, 13 915, 15 959, 17 911, 19 758, 21 579, 23 433, 25 238, 27 143, 29 79, 31 36, 33 12, 35 4, 37 3, 
26 6795
		1 9, 3 40, 5 135, 7 277, 9 486, 11 703, 13 882, 15 921, 17 830, 19 685, 21 527, 23 351, 25 217, 27 131, 29 79, 31 37, 33 21, 35 11, 37 7, 39 2, 41 1, 
27 6352
		1 9, 3 43, 5 143, 7 345, 9 638, 11 975, 13 1236, 15 1420, 17 1411, 19 1226, 21 982, 23 755, 25 475, 27 289, 29 179, 31 108, 33 51, 35 16, 37 11, 39 6, 41 1, 
28 10319
		1 9, 3 45, 5 131, 7 274, 9 483, 11 673, 13 828, 15 833, 17 746, 19 621, 21 458, 23 312, 25 177, 27 107, 29 66, 31 50, 33 28, 35 17, 37 4, 39 1, 41 1, 43 2, 
29 5866
		1 10, 3 50, 5 168, 7 378, 9 743, 11 1167, 13 1605, 15 1885, 17 1976, 19 1795, 21 1509, 23 1167, 25 863, 27 573, 29 371, 31 181, 33 99, 35 55, 37 30, 39 10, 41 2, 43 2, 
30 14639
		1 10, 3 53, 5 168, 7 391, 9 729, 11 1186, 13 1569, 15 1762, 17 1800, 19 1643, 21 1350, 23 971, 25 691, 27 450, 29 262, 31 124, 33 80, 35 41, 37 15, 39 2, 41 4, 43 2, 
31 13303
		1 11, 3 61, 5 212, 7 544, 9 1023, 11 1605, 13 2138, 15 2423, 17 2594, 19 2375, 21 2021, 23 1591, 25 1142, 27 742, 29 456, 31 240, 33 144, 35 64, 37 30, 39 11, 41 9, 43 2, 45 1, 
32 19439
		1 11, 3 64, 5 222, 7 585, 9 1171, 11 1959, 13 2799, 15 3531, 17 3874, 19 3731, 21 3421, 23 2773, 25 2106, 27 1482, 29 980, 31 589, 33 340, 35 178, 37 104, 39 35, 41 18, 43 6, 45 3, 
33 29982
		1 11, 3 62, 5 223, 7 611, 9 1237, 11 2175, 13 3263, 15 4242, 17 4809, 19 4891, 21 4555, 23 3928, 25 3094, 27 2215, 29 1529, 31 963, 33 571, 35 308, 37 158, 39 66, 41 29, 43 12, 45 2, 47 1, 49 1, 
34 38956
		1 11, 3 68, 5 238, 7 627, 9 1316, 11 2326, 13 3416, 15 4392, 17 5082, 19 5164, 21 4662, 23 3849, 25 2955, 27 2081, 29 1388, 31 822, 33 492, 35 227, 37 111, 39 50, 41 31, 43 10, 45 4, 47 1, 
35 39323
		1 11, 3 64, 5 244, 7 705, 9 1544, 11 2786, 13 4281, 15 5787, 17 6810, 19 7304, 21 7185, 23 6382, 25 5187, 27 3798, 29 2702, 31 1721, 33 1074, 35 621, 37 345, 39 175, 41 73, 43 31, 45 22, 47 5, 
36 58857
		1 11, 3 68, 5 238, 7 658, 9 1418, 11 2427, 13 3497, 15 4505, 17 5185, 19 5291, 21 4984, 23 4130, 25 3149, 27 2310, 29 1563, 31 940, 33 570, 35 311, 37 192, 39 114, 41 52, 43 17, 45 6, 47 4, 49 4, 51 2, 
37 41646
		1 12, 3 75, 5 274, 7 785, 9 1674, 11 3064, 13 4724, 15 6501, 17 7729, 19 8479, 21 8258, 23 7358, 25 6107, 27 4669, 29 3314, 31 2165, 33 1371, 35 832, 37 449, 39 262, 41 145, 43 68, 45 30, 47 19, 49 5, 51 1, 53 1, 
38 68371
		1 12, 3 71, 5 280, 7 796, 9 1818, 11 3374, 13 5402, 15 7404, 17 8914, 19 9971, 21 9765, 23 8846, 25 7346, 27 5672, 29 4145, 31 2780, 33 1759, 35 1036, 37 635, 39 359, 41 188, 43 101, 45 43, 47 19, 49 10, 51 7, 53 1, 
39 80754
		1 12, 3 71, 5 279, 7 879, 9 2117, 11 4099, 13 6815, 15 9812, 17 12755, 19 14882, 21 15646, 23 14835, 25 13221, 27 10542, 29 7954, 31 5709, 33 3766, 35 2377, 37 1457, 39 793, 41 438, 43 229, 45 106, 47 32, 49 12, 51 7, 53 6, 55 6, 57 2, 
40 128859
		1 12, 3 76, 5 318, 7 898, 9 2003, 11 3679, 13 5721, 15 7759, 17 9307, 19 10084, 21 9950, 23 8854, 25 7270, 27 5444, 29 3892, 31 2664, 33 1618, 35 889, 37 488, 39 269, 41 142, 43 69, 45 25, 47 14, 49 7, 51 1, 
41 81453
		1 13, 3 84, 5 348, 7 1093, 9 2636, 11 5280, 13 9012, 15 13123, 17 17138, 19 19908, 21 20909, 23 20210, 25 17966, 27 14857, 29 11431, 31 8170, 33 5611, 35 3497, 37 2114, 39 1194, 41 608, 43 290, 45 143, 47 59, 49 24, 51 10, 53 3, 55 2, 57 1, 
42 175734
		1 13, 3 89, 5 362, 7 1119, 9 2624, 11 5213, 13 8721, 15 12616, 17 16040, 19 18529, 21 19522, 23 18448, 25 16326, 27 13304, 29 9989, 31 7040, 33 4666, 35 2966, 37 1768, 39 1022, 41 542, 43 257, 45 130, 47 69, 49 31, 51 16, 53 8, 55 3, 57 3, 59 2, 
43 161438
		1 14, 3 95, 5 426, 7 1344, 9 3306, 11 6543, 13 11058, 15 16367, 17 21552, 19 25366, 21 27028, 23 26564, 25 23704, 27 19636, 29 15141, 31 11012, 33 7508, 35 5011, 37 3066, 39 1750, 41 994, 43 529, 45 283, 47 154, 49 62, 51 24, 53 6, 
44 228543
		1 14, 3 93, 5 418, 7 1430, 9 3741, 11 7924, 13 14511, 15 22856, 17 31747, 19 39311, 21 44327, 23 45758, 25 43437, 27 38354, 29 31505, 31 24038, 33 17307, 35 11741, 37 7538, 39 4644, 41 2665, 43 1469, 45 753, 47 361, 49 170, 51 78, 53 51, 55 17, 57 9, 59 5, 61 2, 
45 396274
		1 14, 3 100, 5 456, 7 1527, 9 4051, 11 8736, 13 16218, 15 26643, 17 38122, 19 49282, 21 57110, 23 61124, 25 60337, 27 54542, 29 46090, 31 36677, 33 27290, 35 19159, 37 12714, 39 7983, 41 4785, 43 2776, 45 1509, 47 810, 49 399, 51 187, 53 83, 55 45, 57 22, 59 3, 61 3, 
46 538797
		1 14, 3 98, 5 420, 7 1342, 9 3310, 11 6858, 13 12180, 15 18233, 17 24501, 19 29655, 21 32102, 23 31954, 25 29102, 27 24703, 29 19330, 31 14078, 33 9882, 35 6553, 37 4022, 39 2370, 41 1329, 43 710, 45 370, 47 156, 49 64, 51 30, 53 5, 55 1, 
47 273372
		1 15, 3 112, 5 517, 7 1748, 9 4625, 11 10195, 13 18850, 15 30406, 17 43324, 19 55345, 21 64260, 23 68242, 25 66721, 27 60625, 29 50750, 31 40439, 33 29952, 35 20998, 37 13705, 39 8617, 41 5264, 43 2988, 45 1587, 47 812, 49 401, 51 215, 53 106, 55 48, 57 15, 59 8, 61 3, 63 1, 
48 600894
		1 15, 3 114, 5 529, 7 1834, 9 4822, 11 10575, 13 19674, 15 31504, 17 44824, 19 57178, 21 65790, 23 70087, 25 68064, 27 61088, 29 51230, 31 40443, 33 29953, 35 21038, 37 13948, 39 8786, 41 5240, 43 3027, 45 1653, 47 858, 49 445, 51 223, 53 101, 55 61, 57 27, 59 15, 61 5, 63 2, 
49 613153
		1 15, 3 119, 5 572, 7 1995, 9 5376, 11 11945, 13 22765, 15 38058, 17 55758, 19 73165, 21 87115, 23 94796, 25 94870, 27 88362, 29 76748, 31 61876, 33 47073, 35 33711, 37 22719, 39 14729, 41 8876, 43 5116, 45 2870, 47 1577, 49 811, 51 423, 53 185, 55 80, 57 43, 59 16, 61 7, 63 3, 65 2, 
50 851776
		1 15, 3 116, 5 560, 7 2033, 9 5753, 11 13408, 13 26392, 15 45500, 17 69194, 19 93727, 21 115269, 23 129405, 25 133850, 27 128470, 29 114502, 31 96004, 33 75315, 35 55196, 37 38664, 39 25855, 41 16374, 43 9901, 45 5754, 47 3172, 49 1731, 51 887, 53 422, 55 209, 57 84, 59 33, 61 14, 63 6, 65 2, 67 1, 69 1, 
51 1207819
		1 15, 3 112, 5 579, 7 2103, 9 5988, 11 14070, 13 28211, 15 48982, 17 75118, 19 103860, 21 129387, 23 147824, 25 155347, 27 150933, 29 136911, 31 116138, 33 92306, 35 69476, 37 48877, 39 32998, 41 21250, 43 12821, 45 7399, 47 4083, 49 2178, 51 1067, 53 505, 55 292, 57 127, 59 65, 61 28, 63 8, 65 4, 67 3, 69 3, 71 1, 
52 1409069
		1 15, 3 115, 5 553, 7 1947, 9 5283, 11 11977, 13 23204, 15 38456, 17 56717, 19 74596, 21 89109, 23 97515, 25 98582, 27 92059, 29 79980, 31 64945, 33 49515, 35 35668, 37 24239, 39 15651, 41 9703, 43 5779, 45 3273, 47 1761, 49 855, 51 446, 53 204, 55 89, 57 37, 59 13, 61 6, 
53 882292
		1 16, 3 125, 5 628, 7 2352, 9 6817, 11 16056, 13 32542, 15 57252, 17 89754, 19 125490, 21 159733, 23 185576, 25 197583, 27 195206, 29 180335, 31 155794, 33 126151, 35 96142, 37 69826, 39 47967, 41 31237, 43 19549, 45 11800, 47 6715, 49 3781, 51 2068, 53 1102, 55 495, 57 232, 59 86, 61 45, 63 28, 65 7, 67 4, 69 4, 71 2, 
54 1822500
		1 16, 3 136, 5 711, 7 2821, 9 8565, 11 21749, 13 46529, 15 87090, 17 143971, 19 213385, 21 287438, 23 352459, 25 398946, 27 418106, 29 408541, 31 373387, 33 321170, 35 260739, 37 199846, 39 145069, 41 100662, 43 66915, 45 42334, 47 25506, 49 14673, 51 8154, 53 4436, 55 2270, 57 1118, 59 533, 61 266, 63 125, 65 58, 67 20, 69 7, 71 4, 73 1, 75 1, 
55 3957757
		1 16, 3 129, 5 698, 7 2701, 9 8090, 11 20072, 13 42410, 15 77987, 17 126519, 19 184537, 21 242886, 23 291802, 25 323132, 27 331798, 29 317884, 31 285000, 33 239754, 35 190632, 37 143031, 39 101820, 41 69267, 43 44542, 45 27422, 47 16494, 49 9364, 51 5145, 53 2714, 55 1450, 57 781, 59 345, 61 176, 63 85, 65 35, 67 10, 69 4, 71 3, 73 1, 
56 3108736
		1 16, 3 133, 5 707, 7 2693, 9 8169, 11 20502, 13 44072, 15 82184, 17 135112, 19 199112, 21 265725, 23 323910, 25 364154, 27 379556, 29 367938, 31 334568, 33 285453, 35 230272, 37 176150, 39 127526, 41 87685, 43 57680, 45 36306, 47 21809, 49 12594, 51 6941, 53 3633, 55 1882, 57 902, 59 420, 61 200, 63 90, 65 40, 67 16, 69 8, 71 3, 
57 3578161
		1 16, 3 121, 5 650, 7 2658, 9 8339, 11 21292, 13 46897, 15 89414, 17 151218, 19 228956, 21 315098, 23 394730, 25 455398, 27 487922, 29 486481, 31 454291, 33 397863, 35 328915, 37 257042, 39 191106, 41 134661, 43 90738, 45 58283, 47 35844, 49 21118, 51 12002, 53 6600, 55 3460, 57 1744, 59 848, 61 390, 63 148, 65 69, 67 38, 69 18, 71 3, 73 1, 
58 4684372
		1 16, 3 128, 5 681, 7 2573, 9 7604, 11 18543, 13 38581, 15 69957, 17 111739, 19 159849, 21 207385, 23 245247, 25 267752, 27 270139, 29 254250, 31 224116, 33 186237, 35 146035, 37 108047, 39 75919, 41 50475, 43 31778, 45 19488, 47 11356, 49 6323, 51 3382, 53 1797, 55 877, 57 384, 59 187, 61 85, 63 33, 65 15, 67 6, 69 2, 
59 2520986
		1 17, 3 143, 5 793, 7 3137, 9 9823, 11 25588, 13 56409, 15 108526, 17 184508, 19 281473, 21 388374, 23 490187, 25 571005, 27 615296, 29 618382, 31 581367, 33 513044, 35 427081, 37 336150, 39 251372, 41 178410, 43 121267, 45 78417, 47 48887, 49 29244, 51 16650, 53 8979, 55 4748, 57 2341, 59 1168, 61 554, 63 248, 65 100, 67 34, 69 12, 71 5, 73 2, 75 1, 
60 5953742
		1 17, 3 148, 5 817, 7 3243, 9 10120, 11 26031, 13 57166, 15 108752, 17 182556, 19 274317, 21 375387, 23 469999, 25 542397, 27 577934, 29 573692, 31 532454, 33 465024, 35 383038, 37 298848, 39 220381, 41 155650, 43 104789, 45 67151, 47 40960, 49 24534, 51 13927, 53 7476, 55 3911, 57 1943, 59 947, 61 470, 63 232, 65 99, 67 45, 69 18, 71 5, 73 6, 75 2, 
61 5524486
		1 18, 3 164, 5 909, 7 3666, 9 11763, 11 30966, 13 69477, 15 136187, 17 235696, 19 367785, 21 517710, 23 665646, 25 790456, 27 869762, 29 890724, 31 853614, 33 770175, 35 656003, 37 527914, 39 403216, 41 293798, 43 203519, 45 134723, 47 85598, 49 51771, 51 30100, 53 16917, 55 9285, 57 4980, 59 2619, 61 1249, 63 574, 65 246, 67 111, 69 39, 71 16, 73 8, 75 2, 77 2, 79 2, 
62 8637410
		1 18, 3 167, 5 964, 7 4083, 9 13613, 11 36952, 13 85319, 15 172147, 17 305916, 19 487179, 21 701584, 23 926663, 25 1125513, 27 1267619, 29 1328458, 31 1303432, 33 1202321, 35 1046646, 37 861324, 39 673401, 41 500689, 43 353859, 45 240405, 47 155767, 49 96687, 51 58218, 53 33689, 55 18778, 57 10027, 59 5207, 61 2589, 63 1143, 65 562, 67 258, 69 106, 71 40, 73 17, 75 4, 77 4, 
63 13021368
		1 18, 3 165, 5 969, 7 4068, 9 13543, 11 37319, 13 86839, 15 176202, 17 314564, 19 505056, 21 735911, 23 979837, 25 1200489, 27 1362327, 29 1439695, 31 1425560, 33 1324860, 35 1164039, 37 966411, 39 761944, 41 571241, 43 409352, 45 280241, 47 183433, 49 115261, 51 69253, 53 40135, 55 22704, 57 12322, 59 6381, 61 3354, 63 1624, 65 793, 67 376, 69 157, 71 60, 73 24, 75 9, 77 6, 79 2, 81 1, 
64 14216545
		1 18, 3 162, 5 920, 7 3930, 9 13070, 11 36032, 13 83839, 15 170430, 17 305174, 19 491107, 21 716139, 23 955856, 25 1172741, 27 1333989, 29 1411924, 31 1402333, 33 1307088, 35 1148437, 37 955297, 39 754269, 41 566340, 43 405330, 45 277016, 47 181956, 49 114590, 51 69306, 53 40505, 55 22732, 57 12452, 59 6602, 61 3373, 63 1695, 65 830, 67 356, 69 177, 71 74, 73 27, 75 11, 77 3, 79 2, 81 1, 
65 13966133
		1 18, 3 165, 5 986, 7 4213, 9 14475, 11 40613, 13 97030, 15 201068, 17 369786, 19 608958, 21 909141, 23 1240886, 25 1560793, 27 1816526, 29 1972139, 31 1999328, 33 1908059, 35 1717789, 37 1463539, 39 1184882, 41 912674, 43 669678, 45 470060, 47 316334, 49 204205, 51 126088, 53 75392, 55 43045, 57 23882, 59 12738, 61 6626, 63 3376, 65 1646, 67 750, 69 339, 71 150, 73 62, 75 30, 77 9, 79 2, 
66 19977480
		1 18, 3 168, 5 981, 7 4172, 9 13987, 11 38349, 13 89245, 15 180966, 17 325139, 19 524373, 21 766570, 23 1023700, 25 1257808, 27 1433854, 29 1520900, 31 1510508, 33 1409807, 35 1241405, 37 1034070, 39 817773, 41 614951, 43 442256, 45 303738, 47 199668, 49 125897, 51 76348, 53 44272, 55 24857, 57 13555, 59 7199, 61 3722, 63 1801, 65 822, 67 369, 69 171, 71 83, 73 39, 75 22, 77 12, 79 6, 81 1, 83 1, 
67 15053583
		1 19, 3 177, 5 1067, 7 4625, 9 15922, 11 45276, 13 108931, 15 228535, 17 424937, 19 707193, 21 1065857, 23 1471329, 25 1869783, 27 2201433, 29 2412832, 31 2478999, 33 2388189, 35 2172975, 37 1870142, 39 1529846, 41 1189776, 43 881010, 45 623540, 47 423445, 49 275493, 51 173004, 53 103692, 55 60273, 57 33692, 59 18096, 61 9333, 63 4894, 65 2442, 67 1139, 69 492, 71 220, 73 95, 75 41, 77 13, 79 3, 
68 24798760
		1 19, 3 177, 5 1067, 7 4784, 9 16751, 11 47988, 13 117020, 15 248076, 17 465898, 19 784424, 21 1197301, 23 1669011, 25 2142490, 27 2549465, 29 2823070, 31 2929014, 33 2855656, 35 2625279, 37 2285506, 39 1888333, 41 1481679, 43 1109763, 45 794670, 47 545178, 49 358934, 51 226042, 53 137173, 55 81170, 57 45746, 59 25227, 61 13354, 63 6900, 65 3424, 67 1621, 69 776, 71 336, 73 147, 75 62, 77 24, 79 8, 81 2, 83 1, 85 1, 
69 29483567
		1 19, 3 172, 5 1045, 7 4770, 9 16949, 11 49926, 13 125356, 15 272602, 17 526142, 19 909243, 21 1424228, 23 2040321, 25 2691140, 27 3287551, 29 3743913, 31 3986710, 33 3992044, 35 3770681, 37 3370782, 39 2861785, 41 2308157, 43 1776168, 45 1306453, 47 920716, 49 622397, 51 404616, 53 252936, 55 152603, 57 89048, 59 50200, 61 27273, 63 14512, 65 7452, 67 3687, 69 1828, 71 834, 73 377, 75 135, 77 59, 79 31, 81 15, 83 6, 85 2, 87 2, 
70 41014886
		1 19, 3 181, 5 1101, 7 4877, 9 16856, 11 48120, 13 116780, 15 247588, 17 462593, 19 774979, 21 1179298, 23 1639536, 25 2095490, 27 2483895, 29 2741889, 31 2836554, 33 2758939, 35 2527011, 37 2191397, 39 1805409, 41 1415290, 43 1056979, 45 754174, 47 516524, 49 338912, 51 213317, 53 129032, 55 75461, 57 42744, 59 23800, 61 12502, 63 6485, 65 3180, 67 1505, 69 669, 71 308, 73 146, 75 53, 77 25, 79 14, 81 4, 83 3, 
71 28523639
		1 20, 3 192, 5 1191, 7 5464, 9 19832, 11 59133, 13 149872, 15 331348, 17 649191, 19 1139760, 21 1811410, 23 2632322, 25 3522638, 27 4366215, 29 5045450, 31 5458335, 33 5551985, 35 5326810, 37 4834978, 39 4159804, 41 3410207, 43 2667613, 45 1991272, 47 1426010, 49 980758, 51 645265, 53 409515, 55 250226, 57 148123, 59 84508, 61 46754, 63 24967, 65 12783, 67 6345, 69 3132, 71 1518, 73 709, 75 299, 77 138, 79 61, 81 22, 83 12, 85 5, 87 1, 89 1, 91 1, 93 1, 
72 57176196
		1 20, 3 198, 5 1242, 7 5662, 9 20389, 11 60313, 13 150931, 15 329886, 17 636464, 19 1100931, 21 1724901, 23 2471081, 25 3260521, 27 3986032, 29 4540163, 31 4843277, 33 4851762, 35 4585595, 37 4098951, 39 3480430, 41 2812635, 43 2167893, 45 1596518, 47 1125905, 49 761158, 51 495321, 53 310504, 55 186703, 57 108230, 59 60535, 61 32758, 63 17035, 65 8788, 67 4368, 69 2153, 71 1057, 73 461, 75 184, 77 65, 79 22, 81 10, 83 3, 85 1, 
73 49841056
		1 21, 3 210, 5 1286, 7 5991, 9 21813, 11 66564, 13 172049, 15 386895, 17 769240, 19 1370940, 21 2214052, 23 3265650, 25 4434705, 27 5585178, 29 6552833, 31 7191209, 33 7417688, 35 7219104, 37 6646157, 39 5806812, 41 4825322, 43 3822790, 45 2898887, 47 2102802, 49 1465302, 51 980063, 53 631295, 55 392011, 57 234244, 59 135339, 61 75773, 63 41456, 65 21653, 67 11057, 69 5452, 71 2702, 73 1342, 75 643, 77 252, 79 110, 81 37, 83 14, 85 4, 
74 76776947
		1 21, 3 216, 5 1424, 7 6880, 9 26047, 11 80683, 13 212532, 15 487879, 17 990623, 19 1801149, 21 2966060, 23 4467336, 25 6195339, 27 7963046, 29 9537390, 31 10694505, 33 11258834, 35 11188588, 37 10525555, 39 9398951, 41 7981882, 43 6461028, 45 5003765, 47 3709874, 49 2639713, 51 1802541, 53 1187258, 55 751962, 57 459918, 59 271878, 61 155142, 63 86072, 65 46244, 67 24278, 69 12259, 71 5999, 73 2872, 75 1322, 77 587, 79 235, 81 94, 83 39, 85 12, 87 7, 89 4, 91 2, 93 1, 
75 118408046
		1 21, 3 216, 5 1433, 7 6938, 9 26229, 11 81843, 13 218127, 15 504220, 17 1031705, 19 1892015, 21 3142129, 23 4775518, 25 6682013, 27 8662561, 29 10466160, 31 11830416, 33 12570610, 35 12594279, 37 11946815, 39 10753659, 41 9215217, 43 7525731, 45 5875606, 47 4390459, 49 3148430, 51 2172506, 53 1441637, 55 922191, 57 568241, 59 338428, 61 194941, 63 109063, 65 59135, 67 31152, 69 15773, 71 7875, 73 3859, 75 1787, 77 815, 79 360, 81 166, 83 68, 85 21, 87 9, 89 3, 91 1, 
76 133210381
		1 21, 3 221, 5 1468, 7 6906, 9 25825, 11 79803, 13 210333, 15 480762, 17 975444, 19 1772839, 21 2920109, 23 4401556, 25 6107828, 27 7858362, 29 9407196, 31 10549308, 33 11121039, 35 11062158, 37 10416017, 39 9299109, 41 7906423, 43 6409552, 45 4968018, 47 3684062, 49 2624311, 51 1795967, 53 1182451, 55 750518, 57 459785, 59 271936, 61 155891, 63 86512, 65 46105, 67 23889, 69 12195, 71 5996, 73 2941, 75 1346, 77 627, 79 279, 81 99, 83 33, 85 9, 87 6, 89 5, 91 2, 
77 117085262
		1 21, 3 213, 5 1395, 7 6693, 9 25757, 11 81489, 13 219762, 15 515769, 17 1071812, 19 1997027, 21 3370295, 23 5200143, 25 7383435, 27 9713903, 29 11915243, 31 13681130, 33 14752763, 35 15012447, 37 14455400, 39 13210564, 41 11480400, 43 9515011, 45 7537985, 47 5717535, 49 4163639, 51 2914438, 53 1961850, 55 1273138, 57 797675, 59 482239, 61 281986, 63 159732, 65 87886, 67 46177, 69 23918, 71 11925, 73 5789, 75 2723, 77 1327, 79 615, 81 299, 83 131, 85 47, 87 20, 89 11, 91 3, 93 2, 
78 159081762
		1 21, 3 209, 5 1436, 7 7013, 9 26622, 11 83440, 13 221680, 15 513337, 17 1051499, 19 1931216, 21 3211465, 23 4878609, 25 6829620, 27 8854729, 29 10699470, 31 12102034, 33 12862891, 35 12897770, 37 12236691, 39 11017728, 41 9442101, 43 7712582, 45 6020398, 47 4497402, 49 3229412, 51 2224937, 53 1477966, 55 945419, 57 582821, 59 347150, 61 199984, 63 111835, 65 60547, 67 31968, 69 16331, 71 7995, 73 3883, 75 1836, 77 829, 79 365, 81 159, 83 52, 85 21, 87 5, 89 4, 
79 136343482
		1 22, 3 247, 5 1708, 7 8397, 9 32731, 11 104981, 13 285057, 15 675206, 17 1413456, 19 2658344, 21 4527050, 23 7050592, 25 10121297, 27 13459116, 29 16680905, 31 19349666, 33 21106537, 35 21706360, 37 21128365, 39 19519479, 41 17155516, 43 14383188, 45 11523633, 47 8842552, 49 6509175, 51 4605682, 53 3135910, 55 2056111, 57 1302313, 59 796686, 61 471672, 63 270400, 65 150062, 67 80579, 69 42316, 71 21508, 73 10470, 75 5013, 77 2343, 79 988, 81 425, 83 192, 85 74, 87 31, 89 6, 91 3, 
80 231196364
		1 22, 3 240, 5 1627, 7 8199, 9 32477, 11 106230, 13 294830, 15 715061, 17 1530404, 19 2938498, 21 5113939, 23 8133787, 25 11918309, 27 16184583, 29 20474645, 31 24254845, 33 26998599, 35 28350090, 37 28170645, 39 26560356, 41 23831162, 43 20389744, 45 16675113, 47 13062732, 49 9817099, 51 7087002, 53 4927250, 55 3302401, 57 2135099, 59 1332202, 61 806175, 63 472576, 65 268258, 67 148339, 69 79023, 71 41077, 73 20480, 75 10143, 77 4941, 79 2335, 81 1047, 83 441, 85 180, 87 72, 89 24, 91 8, 93 3, 
81 306202312
		1 22, 3 240, 5 1697, 7 8706, 9 35345, 11 117783, 13 333740, 15 822015, 17 1795518, 19 3510373, 21 6224700, 23 10083113, 25 15057480, 27 20834175, 29 26849891, 31 32387779, 33 36709107, 35 39258441, 37 39722251, 39 38139452, 41 34848890, 43 30371058, 45 25303660, 47 20172216, 49 15438851, 51 11355910, 53 8038932, 55 5486165, 57 3611564, 59 2296799, 61 1411731, 63 841001, 65 485662, 67 271576, 69 148824, 71 78890, 73 40253, 75 20187, 77 9861, 79 4707, 81 2165, 83 1047, 85 484, 87 198, 89 94, 91 38, 93 13, 95 9, 97 4, 99 1, 
82 432132618
		1 22, 3 232, 5 1597, 7 7807, 9 30626, 11 98660, 13 270029, 15 643790, 17 1355098, 19 2560560, 21 4378476, 23 6840020, 25 9841412, 27 13124883, 29 16306360, 31 18963993, 33 20728259, 35 21366470, 37 20836316, 39 19292452, 41 17001539, 43 14277302, 45 11457224, 47 8803612, 49 6493012, 51 4599776, 53 3136310, 55 2060642, 57 1308753, 59 801036, 61 475938, 63 272921, 65 151617, 67 82223, 69 42772, 71 21696, 73 10788, 75 5202, 77 2389, 79 1100, 81 531, 83 218, 85 89, 87 34, 89 11, 91 2, 
83 227653799
		1 23, 3 261, 5 1825, 7 9353, 9 37639, 11 125480, 13 355440, 15 877934, 17 1916656, 19 3758994, 21 6674236, 23 10840618, 25 16206931, 27 22461340, 29 29021841, 31 35090990, 33 39876163, 35 42747251, 37 43380865, 39 41772168, 41 38276380, 43 33453820, 45 27947856, 47 22354666, 49 17161010, 51 12657626, 53 8983799, 55 6146982, 57 4056875, 59 2586628, 61 1596835, 63 955342, 65 554060, 67 310926, 69 169930, 71 89981, 73 46575, 75 23372, 77 11515, 79 5540, 81 2584, 83 1178, 85 520, 87 227, 89 93, 91 40, 93 14, 95 2, 97 1, 
84 472550385
    

		1 23, 3 263, 5 1962, 7 10542, 9 44398, 11 154678, 13 458351, 15 1183366, 17 2700668, 19 5528329, 21 10254904, 23 17393839, 25 27169175, 27 39332061, 29 53041889, 31 66960555, 33 79449987, 35 88923767, 37 94187087, 39 94678873, 41 90547643, 43 82594845, 45 72000723, 47 60118063, 49 48152272, 51 37062558, 53 27448151, 55 19596257, 57 13502677, 59 8985936, 61 5785955, 63 3604140, 65 2177047, 67 1278236, 69 727230, 71 402416, 73 217140, 75 114120, 77 58410, 79 29280, 81 14218, 83 6749, 85 3071, 87 1356, 89 594, 91 231, 93 101, 95 41, 97 17, 99 7, 101 4, 103 3, 105 1, 
85 1055904209

		1 23, 3 259, 5 1890, 7 10118, 9 41709, 11 142473, 13 413695, 15 1048714, 17 2350995, 19 4722252, 21 8597253, 23 14316472, 25 21951057, 27 31194107, 29 41302924, 31 51194695, 33 59641328, 35 65532901, 37 68147522, 39 67241578, 41 63125792, 43 56534781, 45 48375141, 47 39657207, 49 31186250, 51 23566515, 53 17139495, 55 12013213, 57 8123958, 59 5312426, 61 3358525, 63 2056496, 65 1222121, 67 702893, 69 392664, 71 212893, 73 112336, 75 57986, 77 29292, 79 14285, 81 6964, 83 3285, 85 1499, 87 653, 89 283, 91 105, 93 36, 95 10, 97 3, 
86 751059072


		1 23, 3 253, 5 1857, 7 9981, 9 41815, 11 144117, 13 423142, 15 1079181, 17 2433360, 19 4917473, 21 9014171, 23 15103492, 25 23306648, 27 33335288, 29 44411670, 31 55392998, 33 64930215, 35 71790311, 37 75107129, 39 74568228, 41 70450632, 43 63490087, 45 54688615, 47 45110556, 49 35697618, 51 27140030, 53 19860794, 55 14006665, 57 9529159, 59 6270960, 61 3989065, 63 2457944, 65 1467607, 67 848757, 69 477790, 71 261698, 73 139175, 75 71563, 77 36022, 79 17511, 81 8328, 83 3858, 85 1785, 87 816, 89 344, 91 143, 93 58, 95 23, 97 10, 99 6, 101 3, 103 1, 105 1, 
87 832038976
		1 23, 3 260, 5 1927, 7 10339, 9 44079, 11 154331, 13 463096, 15 1204854, 17 2770952, 19 5716060, 21 10685251, 23 18261416, 25 28737779, 27 41915810, 29 56965752, 31 72450977, 33 86604942, 35 97679457, 37 104253458, 39 105599217, 41 101755711, 43 93534626, 45 82178973, 47 69126934, 49 55788913, 51 43274940, 53 32300165, 55 23233053, 57 16131093, 59 10822260, 61 7019297, 63 4411676, 65 2686157, 67 1585444, 69 909605, 71 506747, 73 274043, 75 144671, 77 74536, 79 37467, 81 18257, 83 8637, 85 3965, 87 1863, 89 796, 91 358, 93 150, 95 67, 97 28, 99 14, 101 5, 103 1, 
88 1179350432
		1 23, 3 264, 5 1862, 7 9714, 9 39872, 11 135631, 13 391868, 15 985040, 17 2193068, 19 4372537, 21 7902295, 23 13050865, 25 19854869, 27 27985303, 29 36760947, 31 45185281, 33 52215781, 35 56908783, 37 58700485, 39 57464955, 41 53516106, 43 47539020, 45 40356709, 47 32820484, 49 25602712, 51 19195452, 53 13845604, 55 9623015, 57 6456962, 59 4184747, 61 2622899, 63 1593140, 65 937906, 67 535709, 69 297099, 71 159875, 73 83006, 75 42405, 77 20905, 79 10146, 81 4840, 83 2145, 85 1037, 87 485, 89 207, 91 78, 93 29, 95 8, 97 3, 99 1, 
89 643612177
		1 24, 3 282, 5 2058, 7 11285, 9 48195, 11 170281, 13 510404, 15 1331959, 17 3081495, 19 6382406, 21 11969451, 23 20536403, 25 32453095, 27 47520473, 29 64853382, 31 82827614, 33 99445394, 35 112625537, 37 120719948, 39 122775516, 41 118820400, 43 109702137, 45 96799811, 47 81779600, 49 66287672, 51 51635613, 53 38707958, 55 27959134, 57 19504177, 59 13137530, 61 8562333, 63 5402816, 65 3305388, 67 1964496, 69 1131622, 71 633251, 73 345441, 75 182913, 77 94936, 79 47574, 81 23688, 83 11224, 85 5234, 87 2320, 89 1081, 91 474, 93 224, 95 91, 97 48, 99 18, 101 4, 
90 1373314410

	11538389		:  1:24  5:48195  
	25000000 (26)	:  1:1  5:508  10:89370  15:1064092  20:2237393  25:1307414  30:274261  35:24539  40:1106  45:27  50:0  
	50000000 (19)	:  1:1  5:990  10:177981  15:2127504  20:4474180  25:2615773  30:550052  35:49637  40:2193  45:56  50:0  
	75000000 (23)	:  1:1  5:1469  10:267196  15:3188770  20:6713142  25:3923124  30:826404  35:74854  40:3319  45:82  50:0  
	100000001 (26)	:  1:1  5:1977  10:355928  15:4252431  20:8952084  25:5231304  30:1102192  35:99352  40:4409  45:97  50:0  
	125000000 (17)	:  1:1  5:2492  10:445365  15:5316900  20:11192231  25:6536645  30:1376646  35:124267  40:5511  45:134  50:0  
	150000000 (27)	:  1:1  5:3013  10:533721  15:6377186  20:13428691  25:7845610  30:1654579  35:149132  40:6597  45:161  50:0  
	175000000 (19)	:  1:1  5:3485  10:622629  15:7436628  20:15667393  25:9156734  30:1930785  35:174063  40:7692  45:183  50:1  
	200000000 (24)	:  1:1  5:3962  10:711086  15:8497996  20:17908539  25:10465514  30:2205861  35:199126  40:8817  45:198  50:1  
	225000000 (18)	:  1:2  5:4479  10:801866  15:9569301  20:20145901  25:11766758  30:2480077  35:223553  40:9812  45:230  50:1  
	250000000 (24)	:  1:2  5:5015  10:896163  15:10656396  20:22386202  25:13051464  30:2745576  35:247289  40:10824  45:241  50:1  
	275000000 (16)	:  1:2  5:5552  10:990867  15:11745917  20:24625099  25:14335585  30:3013396  35:271287  40:11814  45:265  50:2  
	300000000 (12)	:  1:2  5:6121  10:1085048  15:12831651  20:26865669  25:15621782  30:3281409  35:295570  40:12931  45:289  50:2  
	325000000 (18)	:  1:2  5:6683  10:1178881  15:13919949  20:29102405  25:16907651  30:3548592  35:319666  40:13947  45:317  50:2  
	350000000 (26)	:  1:2  5:7235  10:1271992  15:15004834  20:31341896  25:18196285  30:3817037  35:343834  40:14954  45:339  50:3  
	375000000 (23)	:  1:2  5:7762  10:1365511  15:16087786  20:33580274  25:19486292  30:4086103  35:367740  40:16014  45:360  50:6  
	400000000 (23)	:  1:3  5:8394  10:1465188  15:17201751  20:35818987  25:20748754  30:4345214  35:390589  40:16983  45:380  50:6  
	425000000 (27)	:  1:3  5:9031  10:1565689  15:18320541  20:38056963  25:22009641  30:4602435  35:413498  40:18031  45:404  50:6  
	450000001 (21)	:  1:3  5:9654  10:1666871  15:19439842  20:40298794  25:23266550  30:4860051  35:436191  40:19108  45:434  50:6  
	475000001 (21)	:  1:3  5:10287  10:1767211  15:20558348  20:42538598  25:24526739  30:5116671  35:458627  40:20090  45:462  50:7  
	500000000 (23)	:  1:4  5:10972  10:1869546  15:21685420  20:44780947  25:25777680  30:5371087  35:480878  40:20985  45:489  50:7  
	525000000 (26)	:  1:4  5:11705  10:1975536  15:22827259  20:47022474  25:27014054  30:5619612  35:502726  40:21969  45:508  50:7  
	550000000 (28)	:  1:4  5:12393  10:2081390  15:23969160  20:49264512  25:28250657  30:5867323  35:524335  40:22916  45:539  50:8  
	575000000 (25)	:  1:4  5:13110  10:2186655  15:25111291  20:51504832  25:29488771  30:6117083  35:546076  40:23810  45:564  50:8  
	600000001 (20)	:  1:5  5:13806  10:2293867  15:26258954  20:53744495  25:30721142  30:6366877  35:567802  40:24723  45:590  50:8  
	625000000 (19)	:  1:5  5:14631  10:2407255  15:27432234  20:55982730  25:31935126  30:6606877  35:588526  40:25608  45:606  50:10  
	650000000 (14)	:  1:5  5:15462  10:2520788  15:28606756  20:58218298  25:33147023  30:6847720  35:609155  40:26507  45:636  50:10  
	675000000 (19)	:  1:5  5:16286  10:2633326  15:29778048  20:60459153  25:34359479  30:7087392  35:630035  40:27383  45:654  50:10  
	700000001 (21)	:  1:6  5:17164  10:2748944  15:30961410  20:62694809  25:35563339  30:7325689  35:650278  40:28204  45:664  50:10  
	725000000 (23)	:  1:6  5:18040  10:2865070  15:32147711  20:64933373  25:36766120  30:7562266  35:670330  40:29010  45:679  50:11  
	750000000 (18)	:  1:7  5:18876  10:2982594  15:33338984  20:67173696  25:37960568  30:7797195  35:690289  40:29827  45:703  50:11  
	775000000 (25)	:  1:7  5:19760  10:3103107  15:34541917  20:69409164  25:39148777  30:8028037  35:709744  40:30649  45:722  50:12  
	800000000 (22)	:  1:7  5:20677  10:3224653  15:35747207  20:71647232  25:40335279  30:8258835  35:729016  40:31514  45:750  50:12  
	825000000 (19)	:  1:8  5:21625  10:3346545  15:36954728  20:73882799  25:41519435  30:8487898  35:748443  40:32358  45:780  50:13  
	850000000 (24)	:  1:8  5:22556  10:3469578  15:38165033  20:76119967  25:42701632  30:8716544  35:767869  40:33148  45:793  50:13  
	875000000 (18)	:  1:9  5:23573  10:3595368  15:39387098  20:78353602  25:43871633  30:8942231  35:786785  40:33917  45:808  50:13  
	900000000 (26)	:  1:9  5:24576  10:3721509  15:40613354  20:80590613  25:45036125  30:9167135  35:805621  40:34653  45:823  50:13  
	925000000 (28)	:  1:10  5:25674  10:3851362  15:41853839  20:82825278  25:46192049  30:9388842  35:824062  40:35371  45:840  50:13  
	950000000 (25)	:  1:10  5:26735  10:3981370  15:43098147  20:85058014  25:47346138  30:9607999  35:842361  40:36198  45:856  50:13  
	975000001 (19)	:  1:11  5:27839  10:4112763  15:44344418  20:87290819  25:48498901  30:9825953  35:860384  40:36931  45:869  50:13  
	1000000000 (19)	:  1:11  5:28955  10:4244146  15:45589976  20:89524852  25:49649615  30:10044794  35:878492  40:37628  45:888  50:13  
	1025000000 (22)	:  1:12  5:30073  10:4377718  15:46846777  20:91759240  25:50790459  30:10259933  35:895993  40:38307  45:895  50:13  
	1050000000 (24)	:  1:13  5:31226  10:4513688  15:48108869  20:93991005  25:51925224  30:10474282  35:913811  40:39024  45:907  50:13  
	1075000000 (23)	:  1:14  5:32432  10:4650180  15:49375249  20:96220263  25:53060767  30:10686568  35:931336  40:39732  45:933  50:13  
	1100000001 (24)	:  1:14  5:33615  10:4787594  15:50645057  20:98450014  25:54192939  30:10898709  35:948917  40:40408  45:940  50:13  
	1125000000 (27)	:  1:15  5:34812  10:4926385  15:51917012  20:100680269  25:55320532  30:11111700  35:966419  40:41110  45:955  50:13  
	1150000000 (13)	:  1:16  5:36015  10:5066155  15:53191745  20:102910031  25:56445859  30:11322892  35:984067  40:41815  45:965  50:13  
	1175000000 (17)	:  1:16  5:37252  10:5207553  15:54475780  20:105136526  25:57565062  30:11531336  35:1001159  40:42499  45:979  50:14  
	1200000000 (17)	:  1:18  5:38576  10:5351580  15:55769468  20:107361947  25:58676863  30:11736666  35:1018096  40:43207  45:985  50:14  
	1225000000 (26)	:  1:18  5:39887  10:5495950  15:57065399  20:109588571  25:59787780  30:11942815  35:1034786  40:43863  45:999  50:15  
	1250000000 (23)	:  1:19  5:41226  10:5642065  15:58369988  20:111810759  25:60892570  30:12146068  35:1051215  40:44495  45:1012  50:16  
	1275000002 (26)	:  1:21  5:42588  10:5789090  15:59675496  20:114033879  25:61994256  30:12349681  35:1067588  40:45124  45:1025  50:16  
	1300000000 (21)	:  1:22  5:43987  10:5937839  15:60986687  20:116258465  25:63092387  30:12550626  35:1084113  40:45791  45:1043  50:17  
	1325000000 (20)	:  1:23  5:45398  10:6088968  15:62302500  20:118479352  25:64183849  30:12752591  35:1100629  40:46408  45:1057  50:17  
		1350000001 (135000000116 (19)	:  1:24  )	:  51:24  5:46824:  4682410:6239946  15  :63618867  20:120704089  25:1065274096:  623994630  :12953136  35:1116522  40:1546972  45:1071  50:17  :63618867  20:120704089  25:65274096  30:12953136
  35:1116522  40:46972  45:1071  50:17  
90 1373314410
	12556841		:  1:24  5:49741  
	25000000 (24)	:  1:1  5:414  10:77457  15:984418  20:2211331  25:1383406  30:310377  35:30064  40:1434  45:27  50:0  
	50000000 (21)	:  1:1  5:807  10:154521  15:1969795  20:4421073  25:2766432  30:623637  35:60402  40:2862  45:54  50:0  
	75000000 (19)	:  1:1  5:1219  10:231946  15:2954080  20:6635516  25:4148636  30:934111  35:90317  40:4276  45:74  50:0  
	100000000 (19)	:  1:1  5:1635  10:309649  15:3939014  20:8850268  25:5529998  30:1245368  35:120517  40:5584  45:99  50:0  
	125000000 (23)	:  1:1  5:2058  10:387029  15:4923484  20:11064866  25:6911330  30:1555772  35:150610  40:6985  45:127  50:0  
	150000000 (20)	:  1:1  5:2452  10:463533  15:5906390  20:13278038  25:8296053  30:1867803  35:180619  40:8430  45:179  50:0  
	175000000 (19)	:  1:1  5:2856  10:540078  15:6888256  20:15487280  25:9681482  30:2182473  35:211364  40:9962  45:213  50:1  
	200000000 (30)	:  1:1  5:3258  10:617407  15:7870909  20:17702350  25:11063796  30:2494617  35:241050  40:11327  45:244  50:1  
	225000000 (34)	:  1:1  5:3663  10:693940  15:8848638  20:19915531  25:12450653  30:2807598  35:271406  40:12724  45:278  50:1  
	250000000 (20)	:  1:1  5:4051  10:769895  15:9825864  20:22126750  25:13839454  30:3122925  35:301845  40:14145  45:307  50:1  
	275000001 (20)	:  1:2  5:4458  10:846197  15:10803040  20:24336202  25:15226936  30:3437429  35:332645  40:15502  45:335  50:1  
	300000000 (24)	:  1:2  5:4928  10:927716  15:11809432  20:26552622  25:16588541  30:3740704  35:361797  40:16868  45:362  50:3  
	325000001 (17)	:  1:2  5:5390  10:1009270  15:12816227  20:28768866  25:17952100  30:4044701  35:390593  40:18162  45:387  50:3  
	350000000 (27)	:  1:2  5:5818  10:1090676  15:13819984  20:30987350  25:19314389  30:4348098  35:419831  40:19570  45:416  50:3  
	375000000 (17)	:  1:2  5:6266  10:1171766  15:14825978  20:33202306  25:20676390  30:4652342  35:449129  40:20910  45:448  50:3  
	400000000 (24)	:  1:2  5:6733  10:1253211  15:15831802  20:35419853  25:22034899  30:4956131  35:478192  40:22218  45:484  50:3  
	425000000 (20)	:  1:2  5:7177  10:1333981  15:16836549  20:37636377  25:23397970  30:5259900  35:507764  40:23596  45:513  50:3  
	450000000 (25)	:  1:2  5:7612  10:1414938  15:17838364  20:39851644  25:24763523  30:5565156  35:536986  40:25080  45:544  50:3  
	475000000 (18)	:  1:3  5:8080  10:1496326  15:18842920  20:42068817  25:26125359  30:5869472  35:566047  40:26515  45:565  50:3  
	500000000 (17)	:  1:3  5:8595  10:1583654  15:19878598  20:44289679  25:27458945  30:6161226  35:594162  40:27755  45:596  50:5  
	525000001 (22)	:  1:3  5:9129  10:1670490  15:20914772  20:46507646  25:28795508  30:6452470  35:621565  40:29053  45:631  50:5  
	550000000 (18)	:  1:3  5:9648  10:1757421  15:21947957  20:48731112  25:30129639  30:6745492  35:648841  40:30355  45:658  50:6  
	575000000 (23)	:  1:3  5:10173  10:1844610  15:22983527  20:50953169  25:31465258  30:7036740  35:676468  40:31555  45:684  50:6  
	600000000 (18)	:  1:3  5:10709  10:1931122  15:24015116  20:53175383  25:32802719  30:7329506  35:704357  40:32898  45:724  50:6  
	625000000 (23)	:  1:4  5:11253  10:2018288  15:25048886  20:55397155  25:34136635  30:7620962  35:731698  40:34131  45:752  50:6  
	650000000 (22)	:  1:4  5:11834  10:2110186  15:26108522  20:57621052  25:35451694  30:7903118  35:757572  40:35243  45:778  50:6  
	675000000 (23)	:  1:4  5:12405  10:2202096  15:27166051  20:59841048  25:36768714  30:8187249  35:783872  40:36482  45:806  50:6  
	700000000 (17)	:  1:4  5:12969  10:2293559  15:28221905  20:62061747  25:38085227  30:8472963  35:810934  40:37759  45:839  50:6  
	725000000 (19)	:  1:4  5:13522  10:2385257  15:29279468  20:64284101  25:39403134  30:8755780  35:837678  40:38957  45:878  50:6  
	750000000 (21)	:  1:4  5:14102  10:2476882  15:30335073  20:66506099  25:40720312  30:9040175  35:863942  40:40128  45:909  50:6  
	775000001 (17)	:  1:5  5:14742  10:2573142  15:31412096  20:68728703  25:42019845  30:9317710  35:889715  40:41259  45:940  50:6  
	800000000 (20)	:  1:5  5:15383  10:2671090  15:32502279  20:70955557  25:43305979  30:9590400  35:914812  40:42300  45:972  50:6  
	825000000 (24)	:  1:5  5:16042  10:2768998  15:33591504  20:73179869  25:44592908  30:9863609  35:939605  40:43398  45:994  50:6  
	850000000 (23)	:  1:5  5:16697  10:2866608  15:34681150  20:75404167  25:45878983  30:10136900  35:964789  40:44489  45:1027  50:6  
	875000000 (23)	:  1:6  5:17340  10:2965522  15:35772900  20:77629002  25:47163752  30:10409974  35:989858  40:45691  45:1064  50:7  
	900000000 (24)	:  1:6  5:18016  10:3065771  15:36873361  20:79854204  25:48443035  30:10677570  35:1014886  40:46766  45:1093  50:7  
	925000001 (19)	:  1:6  5:18690  10:3166442  15:37974360  20:82078586  25:49720692  30:10947551  35:1039448  40:47900  45:1114  50:7  
	950000000 (19)	:  1:7  5:19390  10:3267306  15:39075672  20:84305757  25:50997478  30:11215293  35:1063495  40:48901  45:1140  50:7  
	975000000 (20)	:  1:7  5:20128  10:3371895  15:40191154  20:86526866  25:52265218  30:11479959  35:1087454  40:49986  45:1170  50:8  
	1000000001 (16)	:  1:7  5:20883  10:3476281  15:41310016  20:88750318  25:53527608  30:11743876  35:1111334  40:51057  45:1204  50:8  
	1025000000 (18)	:  1:7  5:21635  10:3580851  15:42426498  20:90976787  25:54789851  30:12005696  35:1135021  40:52128  45:1235  50:9  
	1050000000 (21)	:  1:8  5:22433  10:3686770  15:43551199  20:93203414  25:56047201  30:12267357  35:1158130  40:53150  45:1253  50:9  
	1075000000 (34)	:  1:8  5:23228  10:3792666  15:44675165  20:95425070  25:57306108  30:12530029  35:1181706  40:54176  45:1280  50:9  
	1100000000 (17)	:  1:9  5:24006  10:3899118  15:45802563  20:97649524  25:58561418  30:12790604  35:1205349  40:55274  45:1295  50:9  
	1125000000 (25)	:  1:9  5:24823  10:4008491  15:46943339  20:99872315  25:59804664  30:13046826  35:1228576  40:56333  45:1316  50:10  
	1150000000 (23)	:  1:9  5:25645  10:4118089  15:48082990  20:102100851  25:61048010  30:13303217  35:1252095  40:57389  45:1345  50:14  
	1175000000 (20)	:  1:10  5:26484  10:4229114  15:49226133  20:104324474  25:62287514  30:13557988  35:1275230  40:58394  45:1370  50:14  
	1200000001 (19)	:  1:10  5:27368  10:4342559  15:50379236  20:106547119  25:63519233  30:13809748  35:1297643  40:59326  45:1385  50:14  
	1225000000 (20)	:  1:10  5:28221  10:4455456  15:51533306  20:108773273  25:64752312  30:14060713  35:1319966  40:60221  45:1410  50:14  
	1250000000 (26)	:  1:11  5:29081  10:4568503  15:52689672  20:110995874  25:65981427  30:14312097  35:1342599  40:61198  45:1426  50:14  
	1275000000 (27)	:  1:11  5:29975  10:4683059  15:53850507  20:113220799  25:67207546  30:14562569  35:1364869  40:62185  45:1447  50:14  
	1300000000 (18)	:  1:11  5:30869  10:4797218  15:55012114  20:115449150  25:68431610  30:14811871  35:1387454  40:63140  45:1479  50:17  
	1325000000 (18)	:  1:12  5:31811  10:4914379  15:56185056  20:117671323  25:69648601  30:15059072  35:1409301  40:64132  45:1506  50:17  
	1350000000 (21)	:  1:13  5:32773  10:5032271  15:57360730  20:119897043  25:70862968  30:15303159  35:1430651  40:64982  45:1525  50:17  
	1375000001 (19)	:  1:13  5:33743  10:5150809  15:58539679  20:122124489  25:72073206  30:15545748  35:1452024  40:65911  45:1545  50:17  
	1400000000 (19)	:  1:14  5:34738  10:5270201  15:59724458  20:124347636  25:73279442  30:15787665  35:1473395  40:66819  45:1559  50:17  
	1425000000 (22)	:  1:15  5:35699  10:5389894  15:60909671  20:126571333  25:74484686  30:16029776  35:1494591  40:67788  45:1580  50:17  
	1450000000 (21)	:  1:15  5:36674  10:5510913  15:62099421  20:128796239  25:75686160  30:16270673  35:1515370  40:68739  45:1603  50:17  
	1475000000 (14)	:  1:16  5:37715  10:5633907  15:63296445  20:131020529  25:76881844  30:16508828  35:1536057  40:69664  45:1621  50:17  
	1500000000 (14)	:  1:17  5:38790  10:5758909  15:64501605  20:133242461  25:78072062  30:16745760  35:1557037  40:70495  45:1646  50:18  
	1525000000 (21)	:  1:17  5:39881  10:5884563  15:65708429  20:135464117  25:79260209  30:16981115  35:1577303  40:71335  45:1660  50:18  
	1550000000 (19)	:  1:18  5:40951  10:6010033  15:66915768  20:137687409  25:80449715  30:17215806  35:1597382  40:72182  45:1672  50:18  
	1575000000 (17)	:  1:19  5:42075  10:6137252  15:68129500  20:139908920  25:81631504  30:17448545  35:1617911  40:73007  45:1683  50:19  
	1600000000 (23)	:  1:20  5:43182  10:6265982  15:69345778  20:142132280  25:82810491  30:17681667  35:1637733  40:73926  45:1700  50:19  
	1625000000 (24)	:  1:21  5:44335  10:6395696  15:70567066  20:144351214  25:83984028  30:17913935  35:1657929  40:74771  45:1715  50:19  
	1650000000 (19)	:  1:21  5:45464  10:6525864  15:71792869  20:146568864  25:85156102  30:18145488  35:1678112  40:75695  45:1736  50:19  
	1675000000 (30)	:  1:22  5:46623  10:6657245  15:73020656  20:148788567  25:86323351  30:18374249  35:1698027  40:76531  45:1752  50:19  
	1700000000 (17)	:  1:23  5:47762  10:6788618  15:74251439  20:151010399  25:87491218  30:18602312  35:1717692  40:77372  45:1773  50:19  
	1725000000 (18)	:  1:24  5:48948  10:6920753  15:75482731  20:153230066  25:88657405  30:18831882  35:1737546  40:78275  45:1790  50:20  
91 1741673648


        1:24  2:286  3:2162  4:11954  5:52308  6:188312  7:577306  8:1542573  9:3642736  10:7722870  11:14834583  12:26056756  13:42153448  14:63210488  15:88307763  16:115483676  17:141954042  18:164603942  19:180648193  20:188155454  21:186446407  22:176250556  23:159238070  24:137786183  25:114396388  26:91250074  27:70053838  28:51829963  29:37017019  30:25546631  31:17049274  32:11024301  33:6904094  34:4194972  35:2477452  36:1419853  37:792451  38:430436  39:226921  40:117532  41:59390  42:29504  43:14011  44:6651  45:3028  46:1352  47:627  48:251  49:113  50:52  51:18  52:2

93 2133716290


        1:24  2:296  3:2298  4:13186  5:58824  6:216539  7:676489  8:1838946 9:4428263  10:9561058  11:18707750  12:33467630  13:55137055  14:84186949  15:11

95 3221882377

        ( 1.0m 99.6%, eta 1m) 4996326658 total: 1:24  5:59320  10:11021701 15:157357771  20:417255182  25:315106889  30:87342325  35:10505007  40:617488 45:
        ( 1.0m 99.7%, eta 1m) 4999771672 total: 1:24  5:59393  10:11032128 15:157483094  20:417549894  25:315308036  30:87393763  35:10510682  40:617788 45:
        ( 1.0m 99.9%, eta 1m) 5003233982 total: 1:24  5:59460  10:11042393 15:157608443  20:417846464  25:315509947  30:87445313  35:10516589  40:618134 45:
        ( 1.0m 100.0%, eta 1m) 5006665559 total: 1:24  5:59529  10:11052732 15:157733105  20:418139794  25:315710960  30:87496008  35:10522352  40:618462 45
        1:24  2:280  3:2217  4:12984  5:59534  6:224082  7:721775  8:2017348 9:4989443  10:11054437  11:22210905  12:40785945  13:68970540  14:108071648  15:
96 5007242694
