1 2
2 3
3 5
4 7
5 11
6 13
7 37
8 41
9 43
10 47
11 53
12 59
13 61
14 83
15 89
16 113
17 127
18 179
19 181
20 191
21 211
22 223
23 593
24 599
25 601
26 607
27 659
28 661
29 691
30 701
31 757
32 761
33 853
34 857
35 859
36 863
37 947
38 953
39 977
40 983
41 991
42 1427
43 1429
44 1433
45 1439
46 1811
47 1823
48 2039
49 2879
50 2897
51 2903
52 2909
53 3061
54 3067
55 3389
56 3391
57 3571
58 3581
59 3583
60 9491
61 9497
62 9587
63 9619
64 9623
65 9629
66 9631
67 9719
68 9721
69 10559
70 10589
71 11057
72 11059
73 11069
74 11071
75 12113
76 12119
77 13649
78 13721
79 13723
80 13751
81 13757
82 13759
83 15161
84 15259
85 15263
86 15641
87 15643
88 15647
89 15731
90 15733
91 15737
92 15739
93 15859
94 22871
95 22877
96 22937
97 22943
98 23027
99 23029
100 23039
101 28979
102 29173
103 29179
104 32633
105 46073
106 46451
107 46457
108 46549
109 46559
110 48989
111 48991
112 49081
113 54269
114 57139
115 57143
116 57149
117 57301
118 57329
119 57331
120 151871
121 151967
122 153407
123 153911
124 153913
125 154067
126 154073
127 154079
128 154097
129 154111
130 155509
131 155537
132 155539
133 169427
134 176921
135 176923
136 176927
137 176951
138 177109
139 177113
140 193811
141 193813
142 218389
143 219547
144 219577
145 220019
146 220021
147 220123
148 220147
149 220151
150 242591
151 244147
152 244157
153 244159
154 244217
155 244219
156 250259
157 250267
158 250301
159 250361
160 251701
161 251707
162 251737
163 251831
164 251833
165 253751
166 365941
167 366997
168 367001
169 367007
170 367097
171 368443
172 368447
173 368471
174 368633
175 463679
176 466777
177 737179
178 737183
179 743221
180 743321
181 744791
182 744949
183 744959
184 783829
185 783869
186 785299
187 785303
188 785311
189 868313
190 914237
191 914239
192 914293
193 916831
194 2429941
195 2454523
196 2454527
197 2462617
198 2462623
199 2465081
200 2465171
270 14669299
271 38879059
333 234708791
334 622064951
372 3744723967
373 9953039231
394 59915583473
395 159248629147
405 958649335571
406 2547978288983
407 2547978289079
408 4096311532501
409 4200377351063
410 14567880621971
411 65540984520017
412 65540984520023
413 1048655752320287
414 16778492037124607
