OEIS/A024770$ g++ truncatable-primes-base.cpp -O2 -fopenmp -lpthread -lgmpxx -lgmp && time ./a.out

2 0
                1 1,    2 1,    3 1,
3 3
                1 2,    2 2,    3 3,    4 3,    5 3,
                6 3,
4 16
                1 2,    2 4,    3 4,    4 3,    5 1,
                6 1,
5 15
                1 3,    2 4,    3 12,   4 25,   5 44,
                6 54,   7 60,   8 62,   9 59,   10 51,
                11 35,  12 20,  13 12,  14 7,   15 3,
                16 2,   17 1,
6 454
                1 3,    2 6,    3 6,    4 4,    5 1,
                6 1,    7 1,
7 22
                1 4,    2 12,   3 29,   4 50,   5 66,
                6 77,   7 61,   8 51,   9 38,   10 27,
                11 17,  12 8,   13 3,   14 2,   15 1,

8 446
                1 4,    2 9,    3 15,   4 17,   5 24,
                6 16,   7 9,    8 6,    9 5,    10 3,

9 108
                1 4,    2 11,   3 39,   4 99,   5 192,
                6 326,  7 429,  8 521,  9 545,  10 517,
                11 448,         12 354,         13 276,         14 212,         15 117,
                16 72,  17 42,  18 24,  19 13,  20 6,
                21 5,   22 4,   23 3,   24 1,
10 4260
                1 4,    2 8,    3 15,   4 18,   5 15,
                6 8,    7 4,    8 2,    9 1,
11 75
                1 5,    2 23,   3 119,  4 409,  5 1124,
                6 2496,         7 4733,         8 7711,         9 11231,        10 14826,
                11 17341,       12 18787,       13 19001,       14 17567,       15 15169,
                16 12085,       17 9272,        18 6606,        19 4451,        20 2882,
                21 1796,        22 1108,        23 601,         24 346,         25 181,
                26 103,         27 49,  28 19,  29 8,   30 2,
                31 1,   32 1,
12 170053
                1 5,    2 13,   3 20,   4 23,   5 17,
                6 11,   7 7,    8 4,
13 100
                1 6,    2 26,   3 101,  4 300,  5 678,
                6 1299,         7 2093,         8 3017,         9 3751,         10 4196,
                11 4197,        12 3823,        13 3206,        14 2549,        15 1908,
                16 1269,        17 783,         18 507,         19 322,         20 163,
                21 97,  22 55,  23 27,  24 13,  25 5,
                26 2,
14 34393
                1 6,    2 22,   3 79,   4 207,  5 391,
                6 644,  7 934,  8 1177,         9 1275,         10 1167,
                11 1039,        12 816,         13 608,         14 424,         15 261,
                16 142,         17 74,  18 45,  19 25,  20 13,
                21 7,   22 1,
15 9357
                1 6,    2 31,   3 124,  4 337,  5 749,
                6 1292,         7 1973,         8 2695,         9 3210,         10 3490,
                11 3335,        12 2980,        13 2525,        14 1840,        15 1278,
                16 878,         17 556,         18 326,         19 174,         20 93,
                21 50,  22 25,  23 9,   24 5,   25 1,

16 27982
                1 6,    2 22,   3 43,   4 55,   5 74,
                6 58,   7 41,   8 31,   9 23,   10 8,
                11 1,
17 362
                1 7,    2 49,   3 311,  4 1396,         5 5117,
                6 15243,        7 38818,        8 85683,        9 167132,       10 293518,
                11 468456,      12 680171,      13 911723,      14 1133959,
                15 1313343,
                16 1423597,
                17 1449405,
                18 1395514,
                19 1270222,
                20 1097353,
                21 902477,      22 707896,      23 529887,      24 381239,      25 263275,
                26 174684,      27 111046,      28 67969,       29 40704,       30 23201,
                31 12793,       32 6722,        33 3444,        34 1714,        35 859,
                36 422,         37 205,         38 98,  39 39,  40 14,
                41 7,   42 1,   43 1,
18 14979714
                1 7,    2 29,   3 61,   4 106,  5 122,
                6 117,  7 93,   8 66,   9 36,   10 18,
                11 10,  12 10,  13 6,   14 4,
19 685
                1 8,    2 56,   3 321,  4 1311,         5 4156,
                6 10963,        7 24589,        8 47737,        9 83011,        10 129098,
                11 181707,      12 234685,      13 278792,      14 306852,      15 315113,
                16 302684,      17 273080,      18 233070,      19 188331,      20 145016,
                21 105557,      22 73276,       23 48819,       24 31244,       25 19237,
                26 11209,       27 6209,        28 3383,        29 1689,        30 917,
                31 430,         32 196,         33 80,  34 44,  35 20,
                36 7,   37 2,
20 3062899
                1 8,    2 41,   3 165,  4 457,  5 1079,
                6 2072,         7 3316,         8 4727,         9 6003,         10 6801,
                11 7051,        12 6732,        13 5862,        14 4721,        15 3505,
                16 2474,        17 1662,        18 1039,        19 628,         20 369,
                21 219,         22 112,         23 52,  24 17,  25 13,
                26 4,   27 2,
21 59131
                1 8,    2 48,   3 261,  4 1035,         5 3259,
                6 8247,         7 17727,        8 33302,        9 55354,        10 82379,
                11 111917,      12 137857,      13 158043,      14 167442,      15 165782,
                16 152997,      17 132508,      18 108083,      19 83974,       20 61950,
                21 43453,       22 29212,       23 18493,       24 11352,       25 6693,
                26 3738,        27 2053,        28 1125,        29 594,         30 293,
                31 145,         32 70,  33 31,  34 13,  35 6,
                36 2,   37 1,
22 1599447
                1 8,    2 30,   3 78,   4 137,  5 181,
                6 200,  7 186,  8 171,  9 121,  10 100,
                11 67,  12 41,  13 24,  14 16,  15 9,
                16 2,   17 1,
23 1372
                1 9,    2 87,   3 677,  4 3808,         5 17096,
                6 63509,        7 199432,       8 545332,       9 1319708,
                10 2863180,
                11 5628184,
                12 10125226,
                13 16789886,
                14 25806961,
                15 36978736,
                16 49626594,
                17 62610223,
                18 74536695,
                19 84004829,
                20 89859335,
                21 91495222,
                22 88868182,
                23 82526393,
                24 73415699,
                25 62658058,
                26 51400281,
                27 40589516,
                28 30893812,
                29 22697345,
                30 16116865,
                31 11073416,
                32 7370849,
                33 4752475,
                34 2976237,
                35 1807630,
                36 1066592,
                37 611204,      38 342477,      39 186657,      40 99730,
                41 51407,       42 25898,       43 12828,       44 6166,        45 2899,
                46 1359,        47 599,         48 228,         49 105,         50 44,
                51 16,  52 3,   53 2,
24 1052029701
                1 9,    2 41,   3 134,  4 301,  5 589,
                6 916,  7 1188,         8 1369,         9 1417,         10 1276,
                11 1081,        12 816,         13 540,         14 370,         15 223,
                16 118,         17 69,  18 20,  19 6,   20 1,

25 10484
                1 9,    2 64,   3 368,  4 1550,         5 5234,
                6 14579,        7 34522,        8 70954,        9 130046,       10 213549,
                11 318845,      12 434344,      13 545781,      14 635747,      15 690611,
                16 702746,      17 670669,      18 604412,      19 516669,      20 418792,
                21 323080,      22 237682,      23 166590,      24 112372,      25 72831,
                26 45321,       27 26807,       28 15458,       29 8749,        30 4701,
                31 2430,        32 1298,        33 665,         34 327,         35 140,
                36 63,  37 29,  38 12,  39 2,
26 7028048
                1 9,    2 56,   3 225,  4 665,  5 1589,
                6 3168,         7 5310,         8 7695,         9 9913,         10 11399,
                11 11833,       12 11125,       13 9792,        14 7904,        15 6065,
                16 4305,        17 2849,        18 1909,        19 1131,        20 679,
                21 349,         22 190,         23 97,  24 41,  25 21,
                26 10,  27 5,   28 2,
27 98336
                1 9,    2 74,   3 498,  4 2435,         5 9401,
                6 29910,        7 81243,        8 193151,       9 406267,       10 765183,
                11 1305730,
                12 2039002,
                13 2936945,
                14 3918912,
                15 4880764,
                16 5684719,
                17 6231595,
                18 6446146,
                19 6309728,
                20 5865054,
                21 5185979,
                22 4374680,
                23 3530621,
                24 2727442,
                25 2021952,
                26 1439707,
                27 989306,      28 655381,      29 417983,      30 258734,
                31 154412,      32 88936,       33 50201,       34 27520,       35 14260,
                36 7282,        37 3621,        38 1691,        39 837,         40 386,
                41 184,         42 104,         43 46,  44 21,  45 6,
                46 2,
28 69058060
                1 9,    2 41,   3 109,  4 210,  5 351,
                6 471,  7 555,  8 557,  9 486,  10 404,
                11 281,         12 196,         13 121,         14 74,  15 35,
                16 15,  17 9,   18 1,   19 1,
29 3926
                1 10,   2 52,   3 180,  4 399,  5 714,
                6 1043,         7 1318,         8 1453,         9 1488,         10 1348,
                11 1098,        12 842,         13 588,         14 365,         15 212,
                16 109,         17 56,  18 31,  19 5,   20 1,
                21 1,   22 1,
31 11314
                1 11,   2 103,  3 645,  4 2958,         5 10611,
                6 32106,        7 82503,        8 183855,       9 361450,       10 638811,
                11 1024323,
                12 1504306,
                13 2036706,
                14 2557697,
                15 2989410,
                16 3270737,
                17 3367191,
                18 3272752,
                19 3013583,
                20 2633623,
                21 2187165,
                22 1736450,
                23 1318578,
                24 957026,      25 666649,
                26 446940,      27 288068,      28 179260,      29 107653,      30 62307,
                31 34959,       32 19130,       33 10049,       34 5105,        35 2561,
                36 1236,        37 532,         38 248,         39 115,         40 48,
                41 14,  42 4,   43 3,   44 2,
32 35007483
                1 11,   2 77,   3 412,  4 1586,         5 4899,
                6 12447,        7 26923,        8 50769,        9 84782,        10 127674,
                11 173497,      12 214873,      13 247107,      14 262696,      15 260297,
                16 241273,      17 211617,      18 173888,      19 135928,      20 100850,
                21 71757,       22 48465,       23 31343,       24 19299,       25 11366,
                26 6381,        27 3447,        28 1812,        29 954,         30 483,
                31 224,         32 104,         33 46,  34 12,  35 4,
                36 1,
33 2527304
                1 11,   2 106,  3 738,  4 3833,         5 15729,
                6 52919,        7 151240,       8 378333,       9 837476,       10 1658368,
                11 2984045,
                12 4910887,
                13 7447009,
                14 10471185,
                15 13729709,
                16 16850066,
                17 19454766,
                18 21192205,
                19 21848871,
                20 21390979,
                21 19934180,
                22 17725858,
                23 15063510,
                24 12264194,
                25 9583124,
                26 7200846,
                27 5207899,
                28 3628476,
                29 2442497,
                30 1586788,
                31 997036,      32 606853,      33 357380,      34 204613,      35 114296,
                36 61938,       37 32895,       38 16735,       39 8125,        40 3962,
                41 1948,        42 931,         43 436,         44 188,         45 77,
                46 39,  47 12,  48 3,   49 2,
34 240423316
                1 11,   2 65,   3 318,  4 1118,         5 3004,
                6 6976,         7 13404,        8 22916,        9 34400,        10 46642,
                11 57613,       12 64540,       13 66930,       14 64420,       15 57558,
                16 48439,       17 38078,       18 28395,       19 19987,       20 13225,
                21 8442,        22 5124,        23 2972,        24 1663,        25 851,
                26 434,         27 214,         28 98,  29 41,  30 16,
                31 4,   32 1,   33 2,   34 2,   35 2,

35 607905
                1 11,   2 60,   3 217,  4 570,  5 1155,
                6 2014,         7 2940,         8 3729,         9 4203,         10 4140,
                11 3732,        12 2971,        13 2272,        14 1615,        15 988,
                16 586,         17 315,         18 177,         19 97,  20 54,
                21 29,  22 17,  23 3,   24 2,   25 1,

37 31898
                1 12,   2 124,  3 937,  4 5174,         5 22621,
                6 81725,        7 251239,       8 674877,       9 1602008,
                10 3414828,
                11 6601368,
                12 11677039,
                13 19035103,
                14 28778337,
                15 40563124,
                16 53531134,
                17 66436669,
                18 77813684,
                19 86260812,
                20 90799344,
                21 90962675,
                22 86944832,
                23 79458887,
                24 69564402,
                25 58433149,
                26 47179103,
                27 36674421,
                28 27485646,
                29 19884050,
                30 13894019,
                31 9395582,
                32 6156491,
                33 3907095,
                34 2404806,
                35 1438431,
                36 834934,      37 472976,      38 261247,      39 139932,      40 72953,
                41 37202,       42 18396,       43 8865,        44 4280,        45 1994,
                46 859,         47 393,         48 173,         49 69,  50 31,
                51 12,  52 4,   53 2,
38 1043188070
                1 12,   2 92,   3 552,  4 2324,         5 7786,
                6 22070,        7 53161,        8 111009,       9 205181,       10 340417,
                11 512641,      12 706684,      13 898269,      14 1059197,
                15 1162920,
                16 1194954,
                17 1154557,
                18 1054872,
                19 910750,      20 746566,
                21 582849,      22 435188,      23 309358,      24 210999,      25 138123,
                26 86967,       27 52499,       28 30623,       29 17188,       30 9429,
                31 5064,        32 2533,        33 1264,        34 615,         35 286,
                36 136,         37 63,  38 31,  39 13,  40 4,
                41 1,
39 12027247
                1 12,   2 71,   3 270,  4 761,  5 1695,
                6 3035,         7 4694,         8 6262,         9 7490,         10 7876,
                11 7473,        12 6569,        13 5295,        14 3956,        15 2851,
                16 1891,        17 1157,        18 708,         19 419,         20 226,
                21 108,         22 53,  23 29,  24 20,  25 7,
                26 1,   27 1,
41 62930
                1 13,   2 84,   3 354,  4 1051,         5 2465,
                6 4654,         7 7556,         8 10778,        9 13452,        10 15307,
                11 15811,       12 15019,       13 13055,       14 10481,       15 7915,
                16 5491,        17 3620,        18 2330,        19 1372,        20 717,
                21 402,         22 211,         23 112,         24 66,  25 26,
                26 10,  27 4,
43 132356
                1 14,   2 94,   3 379,  4 1151,         5 2826,
                6 5628,         7 9449,         8 14044,        9 18400,        10 21711,
                11 23003,       12 22515,       13 20367,       14 17060,       15 13323,
                16 9759,        17 6625,        18 4369,        19 2681,        20 1576,
                21 843,         22 452,         23 224,         24 116,         25 53,
                26 24,  27 9,   28 8,   29 4,   30 2,

47 196709
                1 15,   2 118,  3 585,  4 2127,         5 6087,
                6 14843,        7 30396,        8 54463,        9 86115,        10 122337,
                11 157473,      12 185656,      13 200977,      14 202910,      15 190783,
                16 168280,      17 138941,      18 108922,      19 80513,       20 56666,
                21 37810,       22 23898,       23 14655,       24 8576,        25 4702,
                26 2505,        27 1247,        28 630,         29 306,         30 160,
                31 78,  32 23,  33 9,   34 6,   35 3,

49 1902815
                1 15,   2 139,  3 975,  4 5082,         5 21057,
                6 72228,        7 211553,       8 540328,       9 1220471,
                10 2473992,
                11 4552255,
                12 7666619,
                13 11887287,
                14 17103449,
                15 22939556,
                16 28817168,
                17 34051554,
                18 37963457,
                19 40080527,
                20 40159955,
                21 38319844,
                22 34874029,
                23 30350177,
                24 25294415,
                25 20238270,
                26 15556955,
                27 11523711,
                28 8222593,
                29 5667158,
                30 3773646,
                31 2430730,
                32 1514812,
                33 916893,      34 540179,      35 307784,
                36 171354,      37 92997,       38 48758,       39 24856,       40 12363,
                41 5991,        42 2824,        43 1232,        44 586,         45 252,
                46 125,         47 54,  48 21,  49 8,   50 3,
                51 3,
51 449660290
                1 15,   2 111,  3 483,  4 1673,         5 4410,
                6 9584,         7 17757,        8 29082,        9 42059,        10 54427,
                11 63625,       12 68366,       13 67485,       14 61697,       15 52554,
                16 42131,       17 31773,       18 22415,       19 15221,       20 9678,
                21 5806,        22 3347,        23 1820,        24 981,         25 494,
                26 245,         27 113,         28 50,  29 16,  30 5,
                31 3,   32 1,
53 607427
                1 16,   2 148,  3 959,  4 4630,         5 17501,
                6 54753,        7 146384,       8 340115,       9 701388,       10 1298253,
                11 2182335,
                12 3355480,
                13 4754333,
                14 6243353,
                15 7651129,
                16 8785921,
                17 9481665,
                18 9651492,
                19 9307680,
                20 8523521,
                21 7428280,
                22 6176424,
                23 4906947,
                24 3739095,
                25 2736115,
                26 1919927,
                27 1298909,
                28 846374,      29 531504,      30 322904,
                31 190354,      32 108597,      33 60182,       34 32474,       35 16938,
                36 8513,        37 4193,        38 2040,        39 953,         40 419,
                41 205,         42 90,  43 31,  44 14,  45 4,
                46 4,   47 2,   48 1,
55 102832549
                1 16,   2 131,  3 668,  4 2446,         5 6983,
                6 16339,        7 33112,        8 57945,        9 90377,        10 126975,
                11 161182,      12 186979,      13 200210,      14 198891,      15 184157,
                16 160418,      17 131150,      18 101655,      19 74567,       20 51608,
                21 34210,       22 21474,       23 12866,       24 7363,        25 4159,
                26 2196,        27 1161,        28 554,         29 252,         30 110,
                31 53,  32 27,  33 14,  34 8,   35 9,
                36 5,
59 1870270
                1 17,   2 140,  3 716,  4 2740,         5 8384,
                6 20873,        7 44163,        8 81967,        9 134998,       10 198791,
                11 266231,      12 327096,      13 369583,      14 387317,      15 378761,
                16 346371,      17 298246,      18 242092,      19 186247,      20 135322,
                21 93977,       22 62360,       23 39493,       24 23941,       25 13941,
                26 7980,        27 4280,        28 2163,        29 1131,        30 549,
                31 270,         32 130,         33 61,  34 20,  35 19,
                36 7,   37 1,
61 3680378
                1 18,   2 185,  3 1294,         4 6883,         5 28742,
                6 99930,        7 294099,       8 755424,       9 1717989,
                10 3508925,
                11 6502983,
                12 11021817,
                13 17227406,
                14 24971889,
                15 33757463,
                16 42732036,
                17 50883131,
                18 57171018,
                19 60806173,
                20 61424744,
                21 59057209,
                22 54171202,
                23 47511218,
                24 39919877,
                25 32182452,
                26 24946420,
                27 18615279,
                28 13389806,
                29 9294786,
                30 6237207,
                31 4050457,
                32 2547657,
                33 1553492,
                34 918300,      35 527356,
                36 295312,      37 160517,      38 84706,       39 43347,       40 21692,
                41 10459,       42 4951,        43 2372,        44 1027,        45 464,
                46 188,         47 85,  48 34,  49 14,  50 6,
                51 4,   52 1,
65 688460046
                1 18,   2 160,  3 925,  4 3788,         5 12163,
                6 32927,        7 75113,        8 148744,       9 261515,       10 412155,
                11 590605,      12 774469,      13 936632,      14 1050294,
                15 1095559,
                16 1072245,
                17 987522,      18 858127,      19 704420,      20 548155,
                21 407567,      22 287978,      23 195448,      24 126925,      25 79141,
                26 47706,       27 27777,       28 15441,       29 8156,        30 4218,
                31 2048,        32 945,         33 469,         34 203,         35 96,
                36 55,  37 24,  38 8,   39 4,
67 10769745
                1 19,   2 175,  3 997,  4 4168,         5 14087,
                6 39023,        7 92724,        8 191641,       9 351657,       10 579126,
                11 864115,      12 1179142,
                13 1482698,
                14 1729912,
                15 1880971,
                16 1914758,
                17 1834556,
                18 1658479,
                19 1421275,
                20 1154590,
                21 893668,      22 659266,      23 465749,      24 314985,      25 204212,
                26 127265,      27 76495,       28 44560,       29 25228,       30 13781,
                31 7364,        32 3746,        33 1759,        34 825,         35 355,
                36 152,         37 58,  38 28,  39 7,   40 4,
                41 1,   42 1,
71 19233622
                1 20,   2 194,  3 1166,         4 5080,         5 17741,
                6 51244,        7 125137,       8 266509,       9 503379,       10 851909,
                11 1309176,
                12 1841672,
                13 2389253,
                14 2871778,
                15 3221861,
                16 3387218,
                17 3344967,
                18 3119646,
                19 2755749,
                20 2310418,
                21 1843890,
                22 1402402,
                23 1020120,
                24 710536,      25 475702,
                26 306620,      27 190222,      28 113428,      29 65227,       30 36332,
                31 19394,       32 9885,        33 4999,        34 2377,        35 1175,
                36 586,         37 261,         38 133,         39 67,  40 30,
                41 8,   42 7,   43 2,
73 34577520
                1 21,   2 207,  3 1301,         4 5991,         5 22065,
                6 66755,        7 172671,       8 388978,       9 777742,       10 1396730,
                11 2275935,
                12 3392890,
                13 4662846,
                14 5940231,
                15 7060718,
                16 7863195,
                17 8226035,
                18 8126858,
                19 7605506,
                20 6758118,
                21 5717287,
                22 4616196,
                23 3559263,
                24 2631625,
                25 1868716,
                26 1274491,
                27 837026,      28 529198,      29 323475,      30 190699,
                31 109230,      32 60206,       33 32253,       34 16922,       35 8736,
                36 4231,        37 2080,        38 920,         39 433,         40 182,
                41 75,  42 32,  43 12,  44 5,   45 1,

79 86528087
                1 22,   2 220,  3 1463,         4 6992,         5 26350,
                6 82028,        7 218432,       8 506926,       9 1043325,
                10 1923701,
                11 3219118,
                12 4929662,
                13 6961821,
                14 9122274,
                15 11148510,
                16 12755053,
                17 13728156,
                18 13944418,
                19 13413361,
                20 12250192,
                21 10648494,
                22 8830108,
                23 7000736,
                24 5318613,
                25 3876797,
                26 2715579,
                27 1833246,
                28 1193604,
                29 749674,      30 454381,
                31 266443,      32 151031,      33 83723,       34 44691,       35 22890,
                36 11612,       37 5628,        38 2674,        39 1277,        40 557,
                41 243,         42 97,  43 49,  44 16,  45 4,

83 148494191
                1 23,   2 246,  3 1677,         4 8357,         5 33137,
                6 109400,       7 308223,       8 756652,       9 1644822,
                10 3212331,
                11 5689857,
                12 9229972,
                13 13804597,
                14 19151885,
                15 24771356,
                16 30004840,
                17 34189636,
                18 36755721,
                19 37422605,
                20 36169130,
                21 33275833,
                22 29219017,
                23 24530119,
                24 19721482,
                25 15215674,
                26 11286010,
                27 8058216,
                28 5548163,
                29 3686446,
                30 2368648,
                31 1470780,
                32 885767,      33 517712,      34 293865,      35 161266,
                36 86384,       37 44952,       38 22865,       39 11252,       40 5381,
                41 2494,        42 1207,        43 539,         44 257,         45 116,
                46 43,  47 17,  48 12,  49 3,
89 409678987

real    304m52.384s
user    9453m52.474s
sys     5m39.275s
