1 3
2 5
3 6
4 9
5 10
6 12
7 14
8 16
9 17
10 21
11 22
12 24
13 29
14 30
15 31
16 32
17 33
18 34
19 36
20 37
21 38
22 41
23 42
24 43
25 46
26 50
27 51
28 52
29 57
30 58
31 59
32 62
33 65
34 66
35 68
36 69
37 70
38 73
39 75
40 77
41 78
42 80
43 82
44 84
45 85
46 86
47 88
48 90
49 91
50 92
51 93
52 94
53 96
54 97
55 98
56 99
57 101
58 102
59 103
60 105
61 108
62 110
63 111
64 113
65 114
66 115
67 117
68 119
69 120
70 122
71 123
72 129
73 130
74 131
75 132
76 133
77 134
78 136
79 137
80 138
81 140
82 141
83 142
84 144
85 145
86 149
87 154
88 156
89 157
90 158
91 160
92 161
93 162
94 163
95 164
96 165
97 166
98 168
99 169
100 171
101 173
102 176
103 177
104 178
105 179
106 181
107 182
108 183
109 185
110 187
111 189
112 190
113 192
114 194
115 195
116 196
117 197
118 198
119 201
120 202
121 203
122 204
123 205
124 206
125 208
126 209
127 210
128 211
129 213
130 214
131 217
132 218
133 219
134 220
135 221
136 224
137 225
138 226
139 227
140 228
141 229
142 230
143 231
144 232
145 234
146 237
147 238
148 240
149 241
150 246
151 247
152 248
153 250
154 253
155 254
156 255
157 257
158 258
159 259
160 260
161 263
162 264
163 265
164 266
165 267
166 268
167 269
168 272
169 273
170 274
171 275
172 276
173 278
174 280
175 281
176 282
177 283
178 285
179 290
180 291
181 295
182 296
183 297
184 300
185 302
186 303
187 304
188 305
189 306
190 309
191 310
192 311
193 312
194 313
195 314
196 315
197 317
198 319
199 320
200 321
201 322
202 323
203 325
204 326
205 328
206 330
207 331
208 332
209 333
210 335
211 336
212 337
213 338
214 340
215 341
216 344
217 345
218 346
219 347
220 349
221 351
222 352
223 353
224 354
225 357
226 358
227 360
228 361
229 363
230 365
231 367
232 369
233 372
234 373
235 374
236 376
237 377
238 378
239 379
240 380
241 381
242 382
243 383
244 384
245 385
246 386
247 387
248 388
249 389
250 390
251 392
252 393
253 394
254 395
255 396
256 397
257 398
258 399
259 400
260 401
261 402
262 403
263 404
264 406
265 407
266 408
267 409
268 410
269 411
270 413
271 414
272 416
273 417
274 418
275 419
276 420
277 421
278 422
279 423
280 426
281 427
282 428
283 429
284 430
285 434
286 435
287 436
288 437
289 438
290 441
291 442
292 443
293 444
294 445
295 446
296 449
297 450
298 451
299 452
300 453
301 454
302 456
303 457
304 458
305 460
306 461
307 462
308 465
309 466
310 467
311 468
312 469
313 470
314 472
315 474
316 475
317 478
318 479
319 480
320 481
321 482
322 483
323 484
324 485
325 486
326 488
327 489
328 491
329 492
330 493
331 494
332 497
333 498
334 500
335 501
336 502
337 505
338 507
339 509
340 510
341 513
342 514
343 517
344 518
345 519
346 520
347 521
348 522
349 523
350 525
351 526
352 527
353 528
354 529
355 530
356 531
357 532
358 534
359 536
360 537
361 538
362 539
363 540
364 541
365 542
366 543
367 544
368 545
369 548
370 549
371 551
372 552
373 553
374 554
375 555
376 556
377 558
378 561
379 562
380 563
381 564
382 565
383 567
384 568
385 569
386 570
387 571
388 573
389 574
390 575
391 576
392 577
393 578
394 579
395 581
396 582
397 584
398 588
399 590
400 591
401 592
402 594
403 595
404 598
405 601
406 603
407 605
408 606
409 607
410 609
411 610
412 611
413 613
414 614
415 616
416 617
417 619
418 620
419 621
420 623
421 624
422 625
423 626
424 627
425 630
426 632
427 633
428 634
429 635
430 637
431 638
432 640
433 641
434 642
435 643
436 644
437 645
438 646
439 649
440 650
441 651
442 653
443 654
444 656
445 657
446 658
447 659
448 660
449 661
450 662
451 664
452 666
453 668
454 669
455 670
456 672
457 675
458 677
459 678
460 679
461 681
462 682
463 684
464 686
465 687
466 689
467 690
468 691
469 692
470 694
471 695
472 696
473 697
474 698
475 699
476 700
477 701
478 705
479 707
480 708
481 709
482 710
483 712
484 714
485 715
486 716
487 717
488 721
489 722
490 723
491 724
492 730
493 731
494 733
495 734
496 736
497 737
498 738
499 739
500 740
501 742
502 743
503 745
504 746
505 747
506 748
507 749
508 750
509 751
510 752
511 754
512 757
513 758
514 759
515 761
516 762
517 763
518 765
519 768
520 770
521 771
522 772
523 773
524 777
525 778
526 779
527 780
528 781
529 783
530 784
531 785
532 786
533 787
534 788
535 789
536 790
537 792
538 793
539 794
540 795
541 796
542 798
543 799
544 801
545 803
546 805
547 806
548 807
549 809
550 810
551 811
552 812
553 813
554 814
555 815
556 816
557 818
558 819
559 820
560 821
561 822
562 823
563 824
564 825
565 826
566 827
567 829
568 830
569 833
570 834
571 835
572 836
573 837
574 838
575 839
576 840
577 841
578 842
579 843
580 844
581 845
582 846
583 848
584 849
585 851
586 852
587 853
588 854
589 855
590 857
591 858
592 861
593 862
594 863
595 864
596 865
597 867
598 869
599 870
600 871
601 872
602 873
603 874
604 876
605 877
606 878
607 880
608 881
609 883
610 884
611 885
612 886
613 889
614 893
615 894
616 896
617 897
618 898
619 899
620 902
621 903
622 904
623 905
624 906
625 907
626 909
627 910
628 911
629 912
630 913
631 915
632 916
633 917
634 918
635 920
636 921
637 922
638 923
639 925
640 926
641 928
642 929
643 933
644 934
645 937
646 938
647 939
648 940
649 941
650 942
651 943
652 946
653 947
654 948
655 949
656 950
657 952
658 953
659 955
660 956
661 957
662 958
663 959
664 961
665 962
666 963
667 965
668 966
669 967
670 969
671 976
672 977
673 978
674 979
675 981
676 982
677 983
678 985
679 986
680 987
681 988
682 989
683 990
684 992
685 993
686 994
687 995
688 997
689 998
690 1001
691 1002
692 1003
693 1004
694 1005
695 1006
696 1008
697 1009
698 1010
699 1011
700 1012
701 1013
702 1014
703 1016
704 1018
705 1019
706 1020
707 1021
708 1022
709 1024
710 1025
711 1026
712 1027
713 1028
714 1029
715 1030
716 1032
717 1033
718 1034
719 1035
720 1037
721 1038
722 1039
723 1040
724 1043
725 1045
726 1047
727 1049
728 1050
729 1051
730 1053
731 1054
732 1056
733 1057
734 1058
735 1059
736 1060
737 1061
738 1062
739 1064
740 1065
741 1066
742 1067
743 1068
744 1072
745 1073
746 1074
747 1076
748 1077
749 1078
750 1080
751 1081
752 1085
753 1086
754 1087
755 1088
756 1089
757 1092
758 1093
759 1094
760 1095
761 1098
762 1099
763 1100
764 1101
765 1102
766 1104
767 1105
768 1109
769 1110
770 1112
771 1113
772 1114
773 1115
774 1116
775 1117
776 1118
777 1119
778 1120
779 1121
780 1122
781 1123
782 1124
783 1126
784 1127
785 1128
786 1129
787 1130
788 1131
789 1132
790 1133
791 1134
792 1137
793 1138
794 1139
795 1140
796 1141
797 1143
798 1145
799 1146
800 1147
801 1149
802 1150
803 1153
804 1154
805 1155
806 1156
807 1157
808 1158
809 1160
810 1163
811 1164
812 1165
813 1167
814 1168
815 1169
816 1170
817 1171
818 1172
819 1174
820 1175
821 1176
822 1177
823 1178
824 1179
825 1181
826 1182
827 1183
828 1184
829 1185
830 1186
831 1189
832 1190
833 1191
834 1193
835 1194
836 1195
837 1196
838 1197
839 1198
840 1200
841 1202
842 1203
843 1204
844 1205
845 1207
846 1209
847 1211
848 1212
849 1213
850 1214
851 1215
852 1217
853 1218
854 1219
855 1220
856 1221
857 1224
858 1226
859 1227
860 1228
861 1229
862 1232
863 1233
864 1235
865 1237
866 1240
867 1241
868 1242
869 1243
870 1245
871 1246
872 1247
873 1248
874 1249
875 1251
876 1252
877 1253
878 1254
879 1255
880 1256
881 1257
882 1260
883 1261
884 1262
885 1263
886 1265
887 1266
888 1268
889 1269
890 1270
891 1272
892 1273
893 1274
894 1275
895 1277
896 1278
897 1281
898 1283
899 1284
900 1286
901 1288
902 1289
903 1290
904 1291
905 1292
906 1293
907 1294
908 1298
909 1299
910 1301
911 1302
912 1303
913 1304
914 1305
915 1307
916 1308
917 1309
918 1310
919 1312
920 1314
921 1316
922 1317
923 1318
924 1319
925 1320
926 1323
927 1326
928 1329
929 1332
930 1333
931 1334
932 1335
933 1336
934 1337
935 1338
936 1339
937 1342
938 1344
939 1345
940 1346
941 1347
942 1348
943 1349
944 1352
945 1353
946 1354
947 1355
948 1357
949 1358
950 1359
951 1360
952 1361
953 1362
954 1363
955 1364
956 1365
957 1366
958 1370
959 1371
960 1372
961 1373
962 1374
963 1376
964 1377
965 1378
966 1379
967 1380
968 1381
969 1382
970 1384
971 1385
972 1386
973 1387
974 1389
975 1390
976 1393
977 1394
978 1395
979 1396
980 1397
981 1398
982 1399
983 1401
984 1402
985 1403
986 1405
987 1406
988 1407
989 1408
990 1409
991 1410
992 1411
993 1412
994 1414
995 1415
996 1416
997 1417
998 1418
999 1419
1000 1420
1001 1422
1002 1424
1003 1425
1004 1426
1005 1427
1006 1428
1007 1429
1008 1430
1009 1431
1010 1433
1011 1434
1012 1435
1013 1437
1014 1438
1015 1440
1016 1441
1017 1442
1018 1443
1019 1445
1020 1446
1021 1449
1022 1450
1023 1452
1024 1454
1025 1455
1026 1456
1027 1459
1028 1461
1029 1462
1030 1463
1031 1465
1032 1466
1033 1467
1034 1469
1035 1470
1036 1471
1037 1473
1038 1474
1039 1475
1040 1477
1041 1480
1042 1481
1043 1482
1044 1483
1045 1484
1046 1485
1047 1486
1048 1487
1049 1488
1050 1489
1051 1490
1052 1491
1053 1492
1054 1493
1055 1494
1056 1496
1057 1497
1058 1498
1059 1499
1060 1501
1061 1504
1062 1505
1063 1506
1064 1507
1065 1508
1066 1509
1067 1510
1068 1513
1069 1514
1070 1515
1071 1518
1072 1520
1073 1522
1074 1523
1075 1524
1076 1525
1077 1527
1078 1528
1079 1529
1080 1531
1081 1533
1082 1534
1083 1535
1084 1536
1085 1537
1086 1538
1087 1540
1088 1542
1089 1544
1090 1545
1091 1546
1092 1547
1093 1548
1094 1550
1095 1551
1096 1552
1097 1553
1098 1555
1099 1556
1100 1557
1101 1560
1102 1561
1103 1562
1104 1563
1105 1564
1106 1565
1107 1566
1108 1568
1109 1569
1110 1570
1111 1571
1112 1573
1113 1574
1114 1575
1115 1576
1116 1577
1117 1578
1118 1580
1119 1581
1120 1582
1121 1583
1122 1585
1123 1587
1124 1589
1125 1590
1126 1592
1127 1593
1128 1594
1129 1597
1130 1598
1131 1599
1132 1601
1133 1602
1134 1603
1135 1604
1136 1605
1137 1606
1138 1608
1139 1609
1140 1610
1141 1612
1142 1613
1143 1614
1144 1615
1145 1616
1146 1618
1147 1619
1148 1620
1149 1622
1150 1624
1151 1625
1152 1626
1153 1627
1154 1629
1155 1630
1156 1632
1157 1633
1158 1634
1159 1635
1160 1636
1161 1637
1162 1639
1163 1640
1164 1641
1165 1642
1166 1643
1167 1644
1168 1645
1169 1646
1170 1648
1171 1649
1172 1650
1173 1651
1174 1652
1175 1653
1176 1654
1177 1656
1178 1657
1179 1658
1180 1659
1181 1660
1182 1661
1183 1662
1184 1667
1185 1669
1186 1670
1187 1671
1188 1672
1189 1673
1190 1674
1191 1676
1192 1677
1193 1678
1194 1680
1195 1681
1196 1682
1197 1683
1198 1684
1199 1685
1200 1686
1201 1687
1202 1688
1203 1689
1204 1690
1205 1691
1206 1693
1207 1696
1208 1697
1209 1698
1210 1699
1211 1702
1212 1704
1213 1705
1214 1706
1215 1707
1216 1708
1217 1709
1218 1710
1219 1711
1220 1714
1221 1715
1222 1716
1223 1717
1224 1718
1225 1721
1226 1722
1227 1723
1228 1725
1229 1726
1230 1730
1231 1731
1232 1732
1233 1733
1234 1734
1235 1737
1236 1738
1237 1739
1238 1740
1239 1741
1240 1742
1241 1743
1242 1745
1243 1746
1244 1747
1245 1748
1246 1749
1247 1752
1248 1753
1249 1754
1250 1757
1251 1758
1252 1760
1253 1761
1254 1764
1255 1765
1256 1766
1257 1767
1258 1768
1259 1769
1260 1770
1261 1771
1262 1772
1263 1773
1264 1774
1265 1776
1266 1778
1267 1779
1268 1780
1269 1781
1270 1782
1271 1784
1272 1785
1273 1786
1274 1787
1275 1789
1276 1790
1277 1791
1278 1793
1279 1794
1280 1795
1281 1796
1282 1798
1283 1800
1284 1801
1285 1802
1286 1803
1287 1804
1288 1805
1289 1806
1290 1808
1291 1809
1292 1810
1293 1811
1294 1813
1295 1814
1296 1815
1297 1816
1298 1817
1299 1819
1300 1820
1301 1821
1302 1822
1303 1823
1304 1824
1305 1825
1306 1826
1307 1827
1308 1828
1309 1829
1310 1830
1311 1831
1312 1832
1313 1834
1314 1835
1315 1837
1316 1838
1317 1839
1318 1841
1319 1842
1320 1843
1321 1845
1322 1846
1323 1847
1324 1848
1325 1849
1326 1850
1327 1851
1328 1852
1329 1853
1330 1856
1331 1857
1332 1858
1333 1859
1334 1860
1335 1861
1336 1862
1337 1864
1338 1866
1339 1868
1340 1869
1341 1870
1342 1871
1343 1872
1344 1875
1345 1877
1346 1878
1347 1879
1348 1880
1349 1881
1350 1884
1351 1885
1352 1886
1353 1890
1354 1891
1355 1892
1356 1893
1357 1894
1358 1895
1359 1896
1360 1897
1361 1898
1362 1899
1363 1900
1364 1901
1365 1904
1366 1905
1367 1906
1368 1907
1369 1909
1370 1910
1371 1911
1372 1912
1373 1914
1374 1915
1375 1917
1376 1918
1377 1920
1378 1921
1379 1922
1380 1923
1381 1924
1382 1925
1383 1927
1384 1928
1385 1929
1386 1930
1387 1932
1388 1933
1389 1934
1390 1935
1391 1937
1392 1938
1393 1939
1394 1940
1395 1942
1396 1945
1397 1946
1398 1947
1399 1948
1400 1949
1401 1950
1402 1952
1403 1953
1404 1954
1405 1955
1406 1956
1407 1957
1408 1958
1409 1961
1410 1962
1411 1963
1412 1965
1413 1967
1414 1968
1415 1969
1416 1970
1417 1973
1418 1974
1419 1975
1420 1976
1421 1977
1422 1979
1423 1981
1424 1982
1425 1983
1426 1984
1427 1985
1428 1986
1429 1987
1430 1989
1431 1991
1432 1992
1433 1993
1434 1995
1435 1996
1436 1998
1437 2002
1438 2003
1439 2004
1440 2005
1441 2008
1442 2010
1443 2011
1444 2012
1445 2013
1446 2014
1447 2016
1448 2018
1449 2019
1450 2021
1451 2022
1452 2023
1453 2024
1454 2025
1455 2026
1456 2030
1457 2031
1458 2032
1459 2033
1460 2034
1461 2035
1462 2037
1463 2038
1464 2040
1465 2041
1466 2042
1467 2045
1468 2046
1469 2047
1470 2048
1471 2050
1472 2051
1473 2052
1474 2054
1475 2056
1476 2057
1477 2058
1478 2059
1479 2060
1480 2061
1481 2063
1482 2064
1483 2065
1484 2066
1485 2067
1486 2069
1487 2070
1488 2072
1489 2073
1490 2074
1491 2075
1492 2077
1493 2078
1494 2080
1495 2082
1496 2083
1497 2084
1498 2085
1499 2086
1500 2087
1501 2088
1502 2089
1503 2090
1504 2091
1505 2093
1506 2094
1507 2095
1508 2096
1509 2099
1510 2100
1511 2101
1512 2102
1513 2103
1514 2106
1515 2107
1516 2108
1517 2109
1518 2110
1519 2112
1520 2113
1521 2114
1522 2115
1523 2117
1524 2118
1525 2120
1526 2121
1527 2122
1528 2123
1529 2124
1530 2125
1531 2126
1532 2127
1533 2128
1534 2129
1535 2130
1536 2131
1537 2134
1538 2136
1539 2137
1540 2138
1541 2139
1542 2140
1543 2142
1544 2144
1545 2145
1546 2146
1547 2147
1548 2149
1549 2151
1550 2152
1551 2153
1552 2154
1553 2155
1554 2156
1555 2157
1556 2158
1557 2159
1558 2162
1559 2163
1560 2164
1561 2165
1562 2166
1563 2170
1564 2171
1565 2173
1566 2174
1567 2175
1568 2176
1569 2177
1570 2178
1571 2180
1572 2182
1573 2183
1574 2185
1575 2187
1576 2189
1577 2190
1578 2191
1579 2192
1580 2194
1581 2199
1582 2201
1583 2202
1584 2203
1585 2206
1586 2207
1587 2208
1588 2210
1589 2211
1590 2212
1591 2213
1592 2216
1593 2217
1594 2218
1595 2220
1596 2221
1597 2222
1598 2225
1599 2226
1600 2227
1601 2229
1602 2230
1603 2233
1604 2234
1605 2236
1606 2237
1607 2238
1608 2239
1609 2241
1610 2242
1611 2243
1612 2244
1613 2245
1614 2246
1615 2248
1616 2249
1617 2250
1618 2251
1619 2252
1620 2254
1621 2255
1622 2256
1623 2258
1624 2261
1625 2262
1626 2263
1627 2265
1628 2266
1629 2267
1630 2268
1631 2269
1632 2270
1633 2271
1634 2272
1635 2273
1636 2274
1637 2275
1638 2276
1639 2277
1640 2278
1641 2279
1642 2280
1643 2281
1644 2282
1645 2283
1646 2284
1647 2285
1648 2289
1649 2290
1650 2291
1651 2292
1652 2293
1653 2294
1654 2295
1655 2296
1656 2297
1657 2298
1658 2299
1659 2300
1660 2301
1661 2302
1662 2304
1663 2306
1664 2307
1665 2308
1666 2309
1667 2310
1668 2311
1669 2313
1670 2314
1671 2315
1672 2316
1673 2317
1674 2319
1675 2320
1676 2322
1677 2323
1678 2324
1679 2325
1680 2326
1681 2327
1682 2328
1683 2329
1684 2331
1685 2333
1686 2334
1687 2335
1688 2336
1689 2337
1690 2338
1691 2339
1692 2341
1693 2342
1694 2343
1695 2345
1696 2346
1697 2347
1698 2348
1699 2349
1700 2354
1701 2355
1702 2356
1703 2358
1704 2359
1705 2361
1706 2362
1707 2363
1708 2364
1709 2365
1710 2368
1711 2369
1712 2371
1713 2373
1714 2374
1715 2376
1716 2377
1717 2378
1718 2379
1719 2380
1720 2381
1721 2382
1722 2384
1723 2385
1724 2386
1725 2387
1726 2388
1727 2389
1728 2390
1729 2392
1730 2393
1731 2394
1732 2395
1733 2396
1734 2397
1735 2398
1736 2399
1737 2401
1738 2402
1739 2404
1740 2405
1741 2406
1742 2407
1743 2408
1744 2409
1745 2410
1746 2411
1747 2412
1748 2417
1749 2418
1750 2419
1751 2421
1752 2422
1753 2423
1754 2424
1755 2425
1756 2426
1757 2427
1758 2428
1759 2429
1760 2430
1761 2432
1762 2433
1763 2434
1764 2435
1765 2436
1766 2437
1767 2438
1768 2439
1769 2441
1770 2442
1771 2443
1772 2444
1773 2445
1774 2446
1775 2449
1776 2450
1777 2451
1778 2452
1779 2453
1780 2454
1781 2456
1782 2457
1783 2458
1784 2459
1785 2460
1786 2461
1787 2462
1788 2463
1789 2464
1790 2465
1791 2466
1792 2467
1793 2469
1794 2470
1795 2471
1796 2473
1797 2476
1798 2477
1799 2478
1800 2479
1801 2480
1802 2481
1803 2482
1804 2483
1805 2486
1806 2487
1807 2489
1808 2490
1809 2491
1810 2493
1811 2494
1812 2495
1813 2497
1814 2498
1815 2499
1816 2501
1817 2502
1818 2504
1819 2505
1820 2506
1821 2507
1822 2508
1823 2509
1824 2510
1825 2511
1826 2513
1827 2514
1828 2516
1829 2517
1830 2518
1831 2520
1832 2521
1833 2523
1834 2525
1835 2526
1836 2528
1837 2529
1838 2530
1839 2532
1840 2533
1841 2535
1842 2536
1843 2538
1844 2539
1845 2540
1846 2541
1847 2542
1848 2543
1849 2544
1850 2545
1851 2546
1852 2547
1853 2549
1854 2550
1855 2551
1856 2552
1857 2553
1858 2554
1859 2555
1860 2558
1861 2559
1862 2561
1863 2562
1864 2564
1865 2565
1866 2567
1867 2568
1868 2569
1869 2570
1870 2571
1871 2572
1872 2573
1873 2574
1874 2576
1875 2577
1876 2578
1877 2579
1878 2580
1879 2581
1880 2582
1881 2584
1882 2585
1883 2586
1884 2587
1885 2589
1886 2590
1887 2592
1888 2593
1889 2594
1890 2595
1891 2596
1892 2597
1893 2598
1894 2599
1895 2602
1896 2603
1897 2604
1898 2605
1899 2606
1900 2607
1901 2608
1902 2610
1903 2611
1904 2612
1905 2613
1906 2614
1907 2615
1908 2616
1909 2617
1910 2618
1911 2619
1912 2620
1913 2621
1914 2622
1915 2624
1916 2625
1917 2626
1918 2627
1919 2628
1920 2630
1921 2632
1922 2633
1923 2635
1924 2638
1925 2639
1926 2640
1927 2641
1928 2642
1929 2643
1930 2645
1931 2648
1932 2649
1933 2650
1934 2651
1935 2654
1936 2655
1937 2656
1938 2657
1939 2658
1940 2659
1941 2662
1942 2665
1943 2666
1944 2667
1945 2668
1946 2669
1947 2670
1948 2672
1949 2674
1950 2676
1951 2677
1952 2678
1953 2679
1954 2681
1955 2682
1956 2683
1957 2684
1958 2685
1959 2686
1960 2687
1961 2688
1962 2689
1963 2690
1964 2691
1965 2693
1966 2694
1967 2697
1968 2698
1969 2702
1970 2703
1971 2705
1972 2706
1973 2707
1974 2709
1975 2710
1976 2711
1977 2712
1978 2713
1979 2714
1980 2715
1981 2716
1982 2717
1983 2718
1984 2720
1985 2721
1986 2722
1987 2723
1988 2724
1989 2726
1990 2729
1991 2730
1992 2731
1993 2732
1994 2733
1995 2734
1996 2736
1997 2737
1998 2738
1999 2739
2000 2741
2001 2742
2002 2745
2003 2746
2004 2747
2005 2748
2006 2749
2007 2752
2008 2753
2009 2754
2010 2755
2011 2756
2012 2757
2013 2759
2014 2760
2015 2761
2016 2762
2017 2765
2018 2766
2019 2767
2020 2768
2021 2769
2022 2770
2023 2771
2024 2773
2025 2774
2026 2776
2027 2777
2028 2779
2029 2781
2030 2782
2031 2784
2032 2785
2033 2786
2034 2787
2035 2788
2036 2789
2037 2790
2038 2792
2039 2793
2040 2794
2041 2795
2042 2796
2043 2798
2044 2801
2045 2802
2046 2803
2047 2804
2048 2805
2049 2806
2050 2808
2051 2809
2052 2810
2053 2811
2054 2812
2055 2814
2056 2817
2057 2818
2058 2819
2059 2820
2060 2821
2061 2822
2062 2824
2063 2826
2064 2827
2065 2828
2066 2829
2067 2830
2068 2831
2069 2832
2070 2833
2071 2835
2072 2836
2073 2837
2074 2838
2075 2840
2076 2841
2077 2842
2078 2843
2079 2845
2080 2847
2081 2848
2082 2849
2083 2850
2084 2851
2085 2853
2086 2854
2087 2855
2088 2857
2089 2858
2090 2859
2091 2860
2092 2863
2093 2865
2094 2866
2095 2867
2096 2868
2097 2869
2098 2870
2099 2873
2100 2874
2101 2876
2102 2877
2103 2878
2104 2881
2105 2883
2106 2885
2107 2886
2108 2887
2109 2889
2110 2892
2111 2893
2112 2894
2113 2896
2114 2898
2115 2899
2116 2900
2117 2901
2118 2902
2119 2903
2120 2905
2121 2906
2122 2907
2123 2909
2124 2910
2125 2911
2126 2913
2127 2914
2128 2915
2129 2917
2130 2918
2131 2919
2132 2920
2133 2921
2134 2922
2135 2923
2136 2924
2137 2925
2138 2926
2139 2927
2140 2928
2141 2929
2142 2930
2143 2931
2144 2932
2145 2933
2146 2936
2147 2937
2148 2938
2149 2939
2150 2941
2151 2942
2152 2943
2153 2944
2154 2945
2155 2946
2156 2947
2157 2948
2158 2949
2159 2952
2160 2954
2161 2955
2162 2956
2163 2957
2164 2958
2165 2960
2166 2961
2167 2962
2168 2963
2169 2964
2170 2965
2171 2966
2172 2968
2173 2969
2174 2970
2175 2971
2176 2972
2177 2973
2178 2974
2179 2976
2180 2978
2181 2979
2182 2980
2183 2981
2184 2982
2185 2983
2186 2984
2187 2985
2188 2986
2189 2987
2190 2988
2191 2989
2192 2990
2193 2992
2194 2993
2195 2994
2196 2995
2197 2996
2198 2997
2199 2998
2200 2999
2201 3000
2202 3001
2203 3002
2204 3003
2205 3004
2206 3005
2207 3006
2208 3009
2209 3010
2210 3011
2211 3012
2212 3013
2213 3016
2214 3017
2215 3018
2216 3019
2217 3021
2218 3022
2219 3024
2220 3025
2221 3026
2222 3027
2223 3028
2224 3029
2225 3030
2226 3031
2227 3032
2228 3033
2229 3034
2230 3035
2231 3036
2232 3037
2233 3040
2234 3041
2235 3043
2236 3044
2237 3045
2238 3046
2239 3048
2240 3049
2241 3050
2242 3052
2243 3053
2244 3054
2245 3055
2246 3056
2247 3057
2248 3058
2249 3059
2250 3060
2251 3061
2252 3062
2253 3065
2254 3066
2255 3067
2256 3069
2257 3070
2258 3074
2259 3075
2260 3076
2261 3077
2262 3078
2263 3082
2264 3083
2265 3084
2266 3085
2267 3088
2268 3089
2269 3090
2270 3091
2271 3092
2272 3093
2273 3094
2274 3095
2275 3097
2276 3099
2277 3101
2278 3102
2279 3104
2280 3105
2281 3106
2282 3107
2283 3108
2284 3109
2285 3110
2286 3112
2287 3113
2288 3114
2289 3115
2290 3116
2291 3117
2292 3118
2293 3120
2294 3121
2295 3122
2296 3123
2297 3124
2298 3125
2299 3126
2300 3127
2301 3130
2302 3131
2303 3132
2304 3133
2305 3134
2306 3136
2307 3137
2308 3139
2309 3140
2310 3141
2311 3143
2312 3144
2313 3145
2314 3146
2315 3147
2316 3148
2317 3151
2318 3152
2319 3153
2320 3154
2321 3155
2322 3156
2323 3157
2324 3158
2325 3160
2326 3161
2327 3162
2328 3163
2329 3164
2330 3165
2331 3166
2332 3168
2333 3169
2334 3170
2335 3171
2336 3172
2337 3173
2338 3174
2339 3175
2340 3178
2341 3180
2342 3181
2343 3182
2344 3185
2345 3186
2346 3187
2347 3188
2348 3189
2349 3190
2350 3191
2351 3192
2352 3193
2353 3194
2354 3195
2355 3197
2356 3198
2357 3200
2358 3201
2359 3202
2360 3203
2361 3205
2362 3207
2363 3208
2364 3209
2365 3210
2366 3211
2367 3212
2368 3213
2369 3214
2370 3216
2371 3217
2372 3218
2373 3219
2374 3220
2375 3221
2376 3223
2377 3224
2378 3225
2379 3226
2380 3227
2381 3228
2382 3229
2383 3230
2384 3233
2385 3234
2386 3235
2387 3236
2388 3237
2389 3238
2390 3241
2391 3242
2392 3243
2393 3244
2394 3245
2395 3246
2396 3247
2397 3248
2398 3249
2399 3250
2400 3251
2401 3253
2402 3257
2403 3258
2404 3260
2405 3261
2406 3262
2407 3263
2408 3264
2409 3265
2410 3267
2411 3269
2412 3270
2413 3272
2414 3273
2415 3276
2416 3277
2417 3278
2418 3279
2419 3280
2420 3281
2421 3282
2422 3283
2423 3285
2424 3286
2425 3287
2426 3288
2427 3289
2428 3290
2429 3291
2430 3292
2431 3293
2432 3295
2433 3296
2434 3297
2435 3298
2436 3300
2437 3301
2438 3302
2439 3303
2440 3305
2441 3306
2442 3307
2443 3308
2444 3309
2445 3310
2446 3314
2447 3315
2448 3316
2449 3317
2450 3318
2451 3319
2452 3320
2453 3321
2454 3322
2455 3323
2456 3324
2457 3325
2458 3327
2459 3328
2460 3329
2461 3330
2462 3333
2463 3335
2464 3336
2465 3337
2466 3338
2467 3340
2468 3341
2469 3342
2470 3344
2471 3345
2472 3346
2473 3347
2474 3348
2475 3349
2476 3351
2477 3352
2478 3353
2479 3354
2480 3355
2481 3356
2482 3357
2483 3358
2484 3360
2485 3361
2486 3362
2487 3363
2488 3365
2489 3368
2490 3369
2491 3370
2492 3372
2493 3373
2494 3377
2495 3379
2496 3380
2497 3381
2498 3382
2499 3384
2500 3386
2501 3387
2502 3389
2503 3390
2504 3394
2505 3395
2506 3396
2507 3397
2508 3398
2509 3399
2510 3400
2511 3401
2512 3402
2513 3403
2514 3406
2515 3408
2516 3409
2517 3410
2518 3411
2519 3412
2520 3413
2521 3414
2522 3416
2523 3418
2524 3419
2525 3421
2526 3422
2527 3424
2528 3425
2529 3426
2530 3427
2531 3428
2532 3429
2533 3430
2534 3432
2535 3433
2536 3434
2537 3435
2538 3436
2539 3437
2540 3438
2541 3439
2542 3440
2543 3441
2544 3442
2545 3443
2546 3445
2547 3446
2548 3447
2549 3448
2550 3449
2551 3450
2552 3451
2553 3452
2554 3453
2555 3454
2556 3457
2557 3458
2558 3459
2559 3461
2560 3462
2561 3463
2562 3464
2563 3465
2564 3466
2565 3468
2566 3470
2567 3472
2568 3473
2569 3474
2570 3475
2571 3477
2572 3478
2573 3480
2574 3481
2575 3482
2576 3486
2577 3487
2578 3488
2579 3489
2580 3490
2581 3491
2582 3492
2583 3493
2584 3494
2585 3496
2586 3497
2587 3498
2588 3499
2589 3500
2590 3501
2591 3502
2592 3503
2593 3504
2594 3505
2595 3506
2596 3507
2597 3508
2598 3510
2599 3512
2600 3513
2601 3514
2602 3515
2603 3516
2604 3519
2605 3521
2606 3522
2607 3523
2608 3524
2609 3529
2610 3530
2611 3531
2612 3533
2613 3534
2614 3535
2615 3536
2616 3538
2617 3539
2618 3540
2619 3541
2620 3542
2621 3543
2622 3545
2623 3546
2624 3548
2625 3549
2626 3551
2627 3552
2628 3555
2629 3556
2630 3557
2631 3558
2632 3559
2633 3561
2634 3562
2635 3563
2636 3565
2637 3566
2638 3568
2639 3569
2640 3570
2641 3571
2642 3572
2643 3573
2644 3574
2645 3575
2646 3576
2647 3577
2648 3578
2649 3579
2650 3580
2651 3581
2652 3582
2653 3585
2654 3586
2655 3587
2656 3588
2657 3589
2658 3590
2659 3593
2660 3594
2661 3595
2662 3596
2663 3597
2664 3598
2665 3601
2666 3602
2667 3603
2668 3605
2669 3606
2670 3608
2671 3611
2672 3613
2673 3614
2674 3616
2675 3618
2676 3619
2677 3620
2678 3621
2679 3622
2680 3624
2681 3625
2682 3626
2683 3627
2684 3628
2685 3629
2686 3630
2687 3632
2688 3633
2689 3634
2690 3635
2691 3637
2692 3638
2693 3640
2694 3641
2695 3642
2696 3643
2697 3645
2698 3646
2699 3647
2700 3648
2701 3649
2702 3650
2703 3651
2704 3654
2705 3656
2706 3657
2707 3658
2708 3659
2709 3660
2710 3661
2711 3662
2712 3664
2713 3666
2714 3668
2715 3669
2716 3670
2717 3673
2718 3675
2719 3677
2720 3678
2721 3680
2722 3681
2723 3682
2724 3684
2725 3685
2726 3686
2727 3687
2728 3689
2729 3690
2730 3691
2731 3692
2732 3693
2733 3694
2734 3695
2735 3697
2736 3698
2737 3699
2738 3701
2739 3702
2740 3704
2741 3705
2742 3706
2743 3707
2744 3710
2745 3711
2746 3712
2747 3713
2748 3715
2749 3718
2750 3719
2751 3720
2752 3721
2753 3724
2754 3725
2755 3726
2756 3728
2757 3729
2758 3730
2759 3731
2760 3732
2761 3733
2762 3734
2763 3736
2764 3737
2765 3739
2766 3741
2767 3742
2768 3745
2769 3746
2770 3747
2771 3748
2772 3749
2773 3751
2774 3752
2775 3753
2776 3754
2777 3755
2778 3756
2779 3758
2780 3760
2781 3761
2782 3762
2783 3763
2784 3764
2785 3765
2786 3766
2787 3767
2788 3769
2789 3771
2790 3773
2791 3774
2792 3776
2793 3777
2794 3779
2795 3780
2796 3781
2797 3782
2798 3783
2799 3784
2800 3786
2801 3787
2802 3788
2803 3789
2804 3790
2805 3791
2806 3792
2807 3793
2808 3794
2809 3795
2810 3797
2811 3798
2812 3801
2813 3802
2814 3803
2815 3804
2816 3805
2817 3806
2818 3808
2819 3809
2820 3810
2821 3811
2822 3812
2823 3813
2824 3814
2825 3815
2826 3816
2827 3817
2828 3818
2829 3819
2830 3820
2831 3821
2832 3822
2833 3823
2834 3825
2835 3826
2836 3827
2837 3828
2838 3829
2839 3830
2840 3831
2841 3832
2842 3833
2843 3835
2844 3836
2845 3837
2846 3838
2847 3839
2848 3841
2849 3842
2850 3843
2851 3844
2852 3845
2853 3846
2854 3847
2855 3848
2856 3849
2857 3850
2858 3851
2859 3852
2860 3853
2861 3854
2862 3855
2863 3856
2864 3857
2865 3858
2866 3859
2867 3860
2868 3862
2869 3864
2870 3865
2871 3866
2872 3867
2873 3869
2874 3872
2875 3873
2876 3874
2877 3875
2878 3877
2879 3878
2880 3879
2881 3881
2882 3883
2883 3884
2884 3885
2885 3888
2886 3890
2887 3891
2888 3892
2889 3893
2890 3894
2891 3895
2892 3898
2893 3899
2894 3901
2895 3902
2896 3903
2897 3905
2898 3906
2899 3907
2900 3908
2901 3909
2902 3910
2903 3911
2904 3912
2905 3913
2906 3914
2907 3916
2908 3918
2909 3919
2910 3920
2911 3921
2912 3922
2913 3923
2914 3925
2915 3926
2916 3928
2917 3929
2918 3930
2919 3931
2920 3934
2921 3935
2922 3936
2923 3937
2924 3938
2925 3939
2926 3942
2927 3944
2928 3945
2929 3946
2930 3947
2931 3948
2932 3949
2933 3950
2934 3951
2935 3953
2936 3954
2937 3955
2938 3957
2939 3958
2940 3962
2941 3963
2942 3964
2943 3965
2944 3968
2945 3969
2946 3970
2947 3971
2948 3972
2949 3973
2950 3974
2951 3976
2952 3977
2953 3978
2954 3979
2955 3980
2956 3981
2957 3982
2958 3984
2959 3985
2960 3986
2961 3987
2962 3988
2963 3989
2964 3990
2965 3991
2966 3992
2967 3993
2968 3994
2969 3995
2970 3998
2971 3999
2972 4000
2973 4001
2974 4002
2975 4003
2976 4004
2977 4005
2978 4006
2979 4007
2980 4008
2981 4009
2982 4011
2983 4012
2984 4014
2985 4016
2986 4017
2987 4019
2988 4020
2989 4021
2990 4024
2991 4025
2992 4026
2993 4027
2994 4028
2995 4029
2996 4030
2997 4033
2998 4034
2999 4035
3000 4036
3001 4037
3002 4038
3003 4039
3004 4040
3005 4041
3006 4042
3007 4043
3008 4044
3009 4045
3010 4046
3011 4048
3012 4049
3013 4051
3014 4052
3015 4053
3016 4054
3017 4055
3018 4056
3019 4057
3020 4059
3021 4061
3022 4062
3023 4063
3024 4064
3025 4065
3026 4069
3027 4070
3028 4073
3029 4074
3030 4075
3031 4076
3032 4078
3033 4079
3034 4081
3035 4082
3036 4083
3037 4084
3038 4085
3039 4086
3040 4088
3041 4089
3042 4090
3043 4091
3044 4093
3045 4097
3046 4098
3047 4101
3048 4102
3049 4105
3050 4107
3051 4109
3052 4110
3053 4111
3054 4112
3055 4113
3056 4114
3057 4116
3058 4117
3059 4118
3060 4119
3061 4121
3062 4122
3063 4123
3064 4124
3065 4125
3066 4126
3067 4127
3068 4128
3069 4130
3070 4131
3071 4133
3072 4134
3073 4135
3074 4136
3075 4137
3076 4138
3077 4139
3078 4140
3079 4141
3080 4142
3081 4144
3082 4145
3083 4146
3084 4147
3085 4148
3086 4150
3087 4152
3088 4153
3089 4154
3090 4157
3091 4158
3092 4159
3093 4160
3094 4161
3095 4162
3096 4163
3097 4165
3098 4166
3099 4167
3100 4169
3101 4170
3102 4171
3103 4172
3104 4173
3105 4174
3106 4175
3107 4177
3108 4178
3109 4179
3110 4180
3111 4181
3112 4182
3113 4185
3114 4186
3115 4187
3116 4188
3117 4189
3118 4190
3119 4192
3120 4193
3121 4194
3122 4195
3123 4196
3124 4198
3125 4200
3126 4202
3127 4203
3128 4204
3129 4205
3130 4206
3131 4208
3132 4209
3133 4210
3134 4211
3135 4212
3136 4213
3137 4214
3138 4215
3139 4216
3140 4217
3141 4218
3142 4219
3143 4221
3144 4222
3145 4224
3146 4226
3147 4227
3148 4228
3149 4229
3150 4230
3151 4231
3152 4233
3153 4234
3154 4235
3155 4236
3156 4238
3157 4239
3158 4240
3159 4241
3160 4242
3161 4243
3162 4244
3163 4245
3164 4249
3165 4250
3166 4251
3167 4252
3168 4254
3169 4255
3170 4256
3171 4257
3172 4259
3173 4260
3174 4261
3175 4262
3176 4264
3177 4266
3178 4267
3179 4269
3180 4270
3181 4271
3182 4272
3183 4273
3184 4274
3185 4275
3186 4277
3187 4278
3188 4280
3189 4281
3190 4282
3191 4283
3192 4284
3193 4286
3194 4287
3195 4289
3196 4290
3197 4291
3198 4293
3199 4294
3200 4295
3201 4296
3202 4297
3203 4298
3204 4299
3205 4300
3206 4301
3207 4302
3208 4304
3209 4305
3210 4306
3211 4308
3212 4310
3213 4312
3214 4313
3215 4314
3216 4315
3217 4317
3218 4318
3219 4319
3220 4320
3221 4321
3222 4322
3223 4323
3224 4325
3225 4326
3226 4327
3227 4328
3228 4329
3229 4330
3230 4332
3231 4334
3232 4336
3233 4338
3234 4339
3235 4341
3236 4342
3237 4343
3238 4344
3239 4345
3240 4346
3241 4348
3242 4349
3243 4350
3244 4352
3245 4353
3246 4354
3247 4355
3248 4356
3249 4357
3250 4358
3251 4360
3252 4362
3253 4363
3254 4364
3255 4366
3256 4367
3257 4368
3258 4369
3259 4370
3260 4371
3261 4372
3262 4373
3263 4374
3264 4375
3265 4376
3266 4377
3267 4378
3268 4379
3269 4380
3270 4381
3271 4382
3272 4383
3273 4385
3274 4386
3275 4387
3276 4390
3277 4391
3278 4394
3279 4395
3280 4397
3281 4398
3282 4399
3283 4401
3284 4402
3285 4403
3286 4404
3287 4406
3288 4408
3289 4409
3290 4410
3291 4411
3292 4412
3293 4413
3294 4414
3295 4416
3296 4417
3297 4418
3298 4419
3299 4420
3300 4421
3301 4422
3302 4425
3303 4426
3304 4427
3305 4430
3306 4432
3307 4433
3308 4434
3309 4435
3310 4436
3311 4439
3312 4440
3313 4441
3314 4442
3315 4443
3316 4444
3317 4445
3318 4446
3319 4448
3320 4449
3321 4450
3322 4451
3323 4452
3324 4453
3325 4454
3326 4455
3327 4456
3328 4460
3329 4461
3330 4462
3331 4465
3332 4466
3333 4467
3334 4468
3335 4469
3336 4470
3337 4471
3338 4473
3339 4474
3340 4475
3341 4476
3342 4478
3343 4480
3344 4481
3345 4482
3346 4483
3347 4484
3348 4485
3349 4486
3350 4488
3351 4489
3352 4490
3353 4491
3354 4492
3355 4493
3356 4494
3357 4495
3358 4496
3359 4497
3360 4498
3361 4499
3362 4501
3363 4502
3364 4503
3365 4504
3366 4505
3367 4506
3368 4507
3369 4509
3370 4511
3371 4512
3372 4514
3373 4515
3374 4516
3375 4517
3376 4518
3377 4520
3378 4521
3379 4522
3380 4523
3381 4524
3382 4525
3383 4526
3384 4527
3385 4529
3386 4530
3387 4531
3388 4532
3389 4534
3390 4537
3391 4538
3392 4539
3393 4540
3394 4541
3395 4542
3396 4543
3397 4545
3398 4546
3399 4547
3400 4548
3401 4549
3402 4550
3403 4551
3404 4553
3405 4556
3406 4557
3407 4558
3408 4560
3409 4565
3410 4566
3411 4567
3412 4569
3413 4570
3414 4572
3415 4573
3416 4574
3417 4575
3418 4576
3419 4577
3420 4578
3421 4579
3422 4581
3423 4582
3424 4584
3425 4585
3426 4586
3427 4587
3428 4588
3429 4592
3430 4593
3431 4594
3432 4595
3433 4596
3434 4597
3435 4601
3436 4602
3437 4603
3438 4605
3439 4606
3440 4609
3441 4610
3442 4611
3443 4612
3444 4613
3445 4614
3446 4615
3447 4616
3448 4618
3449 4619
3450 4620
3451 4621
3452 4622
3453 4623
3454 4625
3455 4626
3456 4627
3457 4628
3458 4629
3459 4630
3460 4633
3461 4634
3462 4635
3463 4638
3464 4639
3465 4640
3466 4641
3467 4642
3468 4643
3469 4644
3470 4645
3471 4646
3472 4647
3473 4648
3474 4649
3475 4651
3476 4652
3477 4653
3478 4654
3479 4655
3480 4656
3481 4658
3482 4659
3483 4660
3484 4661
3485 4662
3486 4663
3487 4664
3488 4665
3489 4666
3490 4667
3491 4668
3492 4669
3493 4670
3494 4671
3495 4672
3496 4673
3497 4674
3498 4677
3499 4678
3500 4679
3501 4680
3502 4681
3503 4682
3504 4683
3505 4684
3506 4685
3507 4686
3508 4687
3509 4690
3510 4691
3511 4692
3512 4693
3513 4694
3514 4697
3515 4698
3516 4699
3517 4700
3518 4701
3519 4702
3520 4703
3521 4704
3522 4705
3523 4706
3524 4707
3525 4709
3526 4710
3527 4711
3528 4712
3529 4713
3530 4714
3531 4715
3532 4716
3533 4718
3534 4720
3535 4721
3536 4722
3537 4723
3538 4724
3539 4725
3540 4726
3541 4727
3542 4728
3543 4729
3544 4730
3545 4731
3546 4733
3547 4734
3548 4735
3549 4738
3550 4739
3551 4740
3552 4741
3553 4742
3554 4745
3555 4746
3556 4747
3557 4749
3558 4750
3559 4752
3560 4754
3561 4755
3562 4756
3563 4757
3564 4758
3565 4759
3566 4760
3567 4761
3568 4762
3569 4763
3570 4764
3571 4765
3572 4766
3573 4767
3574 4768
3575 4770
3576 4773
3577 4774
3578 4775
3579 4776
3580 4777
3581 4780
3582 4781
3583 4782
3584 4783
3585 4784
3586 4785
3587 4786
3588 4787
3589 4788
3590 4790
3591 4793
3592 4794
3593 4795
3594 4796
3595 4797
3596 4798
3597 4800
3598 4802
3599 4803
3600 4804
3601 4805
3602 4806
3603 4810
3604 4811
3605 4812
3606 4815
3607 4816
3608 4817
3609 4818
3610 4819
3611 4820
3612 4821
3613 4822
3614 4823
3615 4824
3616 4825
3617 4826
3618 4828
3619 4829
3620 4830
3621 4831
3622 4833
3623 4835
3624 4836
3625 4837
3626 4838
3627 4839
3628 4840
3629 4841
3630 4842
3631 4843
3632 4844
3633 4845
3634 4846
3635 4847
3636 4848
3637 4851
3638 4852
3639 4853
3640 4854
3641 4855
3642 4856
3643 4858
3644 4859
3645 4860
3646 4861
3647 4862
3648 4863
3649 4865
3650 4866
3651 4867
3652 4868
3653 4869
3654 4870
3655 4873
3656 4874
3657 4875
3658 4876
3659 4880
3660 4881
3661 4882
3662 4883
3663 4884
3664 4885
3665 4887
3666 4889
3667 4890
3668 4891
3669 4893
3670 4894
3671 4895
3672 4896
3673 4898
3674 4899
3675 4900
3676 4901
3677 4902
3678 4903
3679 4907
3680 4908
3681 4910
3682 4914
3683 4915
3684 4916
3685 4917
3686 4918
3687 4921
3688 4922
3689 4926
3690 4927
3691 4928
3692 4929
3693 4930
3694 4931
3695 4933
3696 4934
3697 4935
3698 4936
3699 4937
3700 4938
3701 4939
3702 4940
3703 4941
3704 4943
3705 4944
3706 4945
3707 4946
3708 4947
3709 4948
3710 4950
3711 4952
3712 4953
3713 4954
3714 4955
3715 4957
3716 4958
3717 4959
3718 4960
3719 4962
3720 4963
3721 4964
3722 4965
3723 4966
3724 4968
3725 4969
3726 4970
3727 4971
3728 4972
3729 4973
3730 4974
3731 4976
3732 4977
3733 4979
3734 4980
3735 4981
3736 4982
3737 4984
3738 4985
3739 4987
3740 4989
3741 4990
3742 4992
3743 4993
3744 4994
3745 4995
3746 4996
3747 4997
3748 4998
3749 4999
3750 5000
3751 5001
3752 5002
3753 5003
3754 5004
3755 5005
3756 5007
3757 5008
3758 5009
3759 5011
3760 5012
3761 5013
3762 5014
3763 5015
3764 5017
3765 5018
3766 5019
3767 5020
3768 5024
3769 5025
3770 5026
3771 5027
3772 5028
3773 5029
3774 5033
3775 5034
3776 5037
3777 5038
3778 5041
3779 5043
3780 5045
3781 5046
3782 5049
3783 5050
3784 5053
3785 5054
3786 5057
3787 5058
3788 5059
3789 5060
3790 5061
3791 5062
3792 5063
3793 5064
3794 5065
3795 5066
3796 5067
3797 5069
3798 5070
3799 5071
3800 5072
3801 5073
3802 5074
3803 5077
3804 5078
3805 5080
3806 5081
3807 5082
3808 5083
3809 5085
3810 5086
3811 5087
3812 5088
3813 5089
3814 5090
3815 5091
3816 5092
3817 5093
3818 5094
3819 5097
3820 5098
3821 5099
3822 5100
3823 5101
3824 5102
3825 5104
3826 5105
3827 5106
3828 5107
3829 5108
3830 5109
3831 5110
3832 5112
3833 5113
3834 5114
3835 5115
3836 5116
3837 5117
3838 5118
3839 5119
3840 5120
3841 5122
3842 5123
3843 5124
3844 5125
3845 5126
3846 5127
3847 5128
3848 5129
3849 5130
3850 5131
3851 5132
3852 5133
3853 5134
3854 5135
3855 5136
3856 5137
3857 5138
3858 5139
3859 5141
3860 5144
3861 5145
3862 5146
3863 5147
3864 5148
3865 5149
3866 5150
3867 5151
3868 5152
3869 5153
3870 5154
3871 5155
3872 5157
3873 5158
3874 5159
3875 5160
3876 5161
3877 5162
3878 5163
3879 5164
3880 5166
3881 5167
3882 5168
3883 5169
3884 5170
3885 5171
3886 5173
3887 5174
3888 5176
3889 5177
3890 5179
3891 5180
3892 5181
3893 5182
3894 5183
3895 5185
3896 5186
3897 5187
3898 5188
3899 5189
3900 5190
3901 5192
3902 5193
3903 5194
3904 5195
3905 5196
3906 5197
3907 5198
3908 5199
3909 5200
3910 5201
3911 5203
3912 5204
3913 5205
3914 5206
3915 5208
3916 5209
3917 5210
3918 5211
3919 5213
3920 5214
3921 5215
3922 5216
3923 5217
3924 5218
3925 5219
3926 5220
3927 5222
3928 5223
3929 5224
3930 5225
3931 5226
3932 5229
3933 5230
3934 5231
3935 5232
3936 5233
3937 5234
3938 5235
3939 5237
3940 5238
3941 5240
3942 5241
3943 5242
3944 5243
3945 5244
3946 5245
3947 5246
3948 5248
3949 5249
3950 5250
3951 5251
3952 5252
3953 5253
3954 5254
3955 5257
3956 5258
3957 5260
3958 5261
3959 5262
3960 5263
3961 5266
3962 5267
3963 5268
3964 5269
3965 5270
3966 5271
3967 5272
3968 5273
3969 5274
3970 5275
3971 5277
3972 5279
3973 5280
3974 5281
3975 5282
3976 5285
3977 5286
3978 5287
3979 5288
3980 5289
3981 5290
3982 5294
3983 5295
3984 5297
3985 5298
3986 5299
3987 5301
3988 5302
3989 5304
3990 5305
3991 5306
3992 5307
3993 5308
3994 5309
3995 5313
3996 5314
3997 5315
3998 5316
3999 5317
4000 5318
4001 5321
4002 5322
4003 5323
4004 5324
4005 5325
4006 5326
4007 5328
4008 5330
4009 5331
4010 5332
4011 5333
4012 5334
4013 5335
4014 5336
4015 5337
4016 5339
4017 5340
4018 5341
4019 5342
4020 5343
4021 5344
4022 5347
4023 5349
4024 5350
4025 5351
4026 5352
4027 5353
4028 5354
4029 5355
4030 5357
4031 5358
4032 5359
4033 5361
4034 5362
4035 5363
4036 5365
4037 5366
4038 5367
4039 5368
4040 5369
4041 5370
4042 5371
4043 5372
4044 5373
4045 5374
4046 5375
4047 5376
4048 5377
4049 5378
4050 5379
4051 5380
4052 5381
4053 5382
4054 5383
4055 5384
4056 5386
4057 5387
4058 5388
4059 5390
4060 5392
4061 5393
4062 5394
4063 5395
4064 5396
4065 5397
4066 5398
4067 5400
4068 5401
4069 5402
4070 5403
4071 5404
4072 5405
4073 5406
4074 5407
4075 5408
4076 5409
4077 5410
4078 5411
4079 5412
4080 5413
4081 5414
4082 5416
4083 5418
4084 5419
4085 5420
4086 5421
4087 5422
4088 5423
4089 5425
4090 5426
4091 5427
4092 5428
4093 5429
4094 5430
4095 5431
4096 5433
4097 5434
4098 5435
4099 5438
4100 5440
4101 5441
4102 5442
4103 5445
4104 5449
4105 5450
4106 5451
4107 5452
4108 5453
4109 5454
4110 5456
4111 5457
4112 5458
4113 5459
4114 5460
4115 5461
4116 5462
4117 5463
4118 5465
4119 5466
4120 5467
4121 5468
4122 5469
4123 5470
4124 5472
4125 5473
4126 5474
4127 5475
4128 5477
4129 5478
4130 5479
4131 5480
4132 5481
4133 5482
4134 5483
4135 5484
4136 5485
4137 5486
4138 5488
4139 5489
4140 5491
4141 5492
4142 5493
4143 5494
4144 5496
4145 5497
4146 5498
4147 5499
4148 5501
4149 5502
4150 5504
4151 5505
4152 5506
4153 5507
4154 5509
4155 5510
4156 5511
4157 5512
4158 5513
4159 5515
4160 5516
4161 5517
4162 5518
4163 5519
4164 5520
4165 5521
4166 5524
4167 5525
4168 5526
4169 5528
4170 5529
4171 5530
4172 5531
4173 5532
4174 5533
4175 5534
4176 5536
4177 5537
4178 5538
4179 5541
4180 5542
4181 5544
4182 5545
4183 5547
4184 5549
4185 5550
4186 5551
4187 5552
4188 5553
4189 5554
4190 5556
4191 5557
4192 5558
4193 5559
4194 5560
4195 5561
4196 5562
4197 5564
4198 5565
4199 5566
4200 5567
4201 5569
4202 5571
4203 5572
4204 5573
4205 5575
4206 5577
4207 5578
4208 5579
4209 5580
4210 5581
4211 5582
4212 5583
4213 5584
4214 5585
4215 5586
4216 5587
4217 5589
4218 5590
4219 5592
4220 5593
4221 5594
4222 5595
4223 5596
4224 5597
4225 5598
4226 5600
4227 5601
4228 5602
4229 5603
4230 5604
4231 5605
4232 5608
4233 5609
4234 5610
4235 5611
4236 5612
4237 5614
4238 5615
4239 5617
4240 5618
4241 5619
4242 5621
4243 5622
4244 5623
4245 5624
4246 5627
4247 5628
4248 5629
4249 5630
4250 5631
4251 5632
4252 5633
4253 5637
4254 5638
4255 5640
4256 5641
4257 5642
4258 5643
4259 5644
4260 5645
4261 5646
4262 5647
4263 5648
4264 5649
4265 5651
4266 5652
4267 5653
4268 5654
4269 5655
4270 5656
4271 5657
4272 5658
4273 5659
4274 5662
4275 5664
4276 5665
4277 5666
4278 5667
4279 5668
4280 5669
4281 5670
4282 5671
4283 5672
4284 5673
4285 5674
4286 5675
4287 5676
4288 5678
4289 5679
4290 5680
4291 5681
4292 5682
4293 5683
4294 5685
4295 5686
4296 5687
4297 5689
4298 5690
4299 5691
4300 5692
4301 5693
4302 5694
4303 5697
4304 5698
4305 5699
4306 5700
4307 5701
4308 5702
4309 5704
4310 5705
4311 5706
4312 5707
4313 5708
4314 5710
4315 5712
4316 5713
4317 5714
4318 5715
4319 5716
4320 5717
4321 5718
4322 5719
4323 5720
4324 5721
4325 5722
4326 5723
4327 5726
4328 5727
4329 5728
4330 5729
4331 5730
4332 5731
4333 5733
4334 5734
4335 5735
4336 5736
4337 5737
4338 5738
4339 5739
4340 5740
4341 5741
4342 5743
4343 5745
4344 5746
4345 5747
4346 5749
4347 5750
4348 5752
4349 5753
4350 5754
4351 5755
4352 5756
4353 5757
4354 5758
4355 5760
4356 5761
4357 5762
4358 5763
4359 5764
4360 5765
4361 5769
4362 5771
4363 5772
4364 5773
4365 5774
4366 5775
4367 5776
4368 5777
4369 5778
4370 5779
4371 5781
4372 5782
4373 5784
4374 5785
4375 5786
4376 5787
4377 5789
4378 5790
4379 5792
4380 5793
4381 5794
4382 5795
4383 5798
4384 5799
4385 5801
4386 5802
4387 5803
4388 5804
4389 5805
4390 5806
4391 5808
4392 5810
4393 5811
4394 5812
4395 5813
4396 5814
4397 5817
4398 5818
4399 5819
4400 5820
4401 5821
4402 5822
4403 5825
4404 5826
4405 5827
4406 5829
4407 5830
4408 5833
4409 5834
4410 5836
4411 5837
4412 5838
4413 5839
4414 5840
4415 5841
4416 5843
4417 5844
4418 5845
4419 5846
4420 5847
4421 5848
4422 5849
4423 5851
4424 5853
4425 5855
4426 5857
4427 5858
4428 5860
4429 5862
4430 5863
4431 5864
4432 5865
4433 5866
4434 5867
4435 5868
4436 5869
4437 5870
4438 5871
4439 5873
4440 5874
4441 5875
4442 5876
4443 5877
4444 5878
4445 5879
4446 5880
4447 5881
4448 5882
4449 5883
4450 5886
4451 5888
4452 5889
4453 5890
4454 5891
4455 5892
4456 5894
4457 5895
4458 5896
4459 5899
4460 5900
4461 5901
4462 5902
4463 5904
4464 5905
4465 5906
4466 5907
4467 5908
4468 5909
4469 5910
4470 5911
4471 5913
4472 5916
4473 5917
4474 5918
4475 5921
4476 5922
4477 5923
4478 5924
4479 5925
4480 5927
4481 5929
4482 5930
4483 5931
4484 5932
4485 5933
4486 5934
4487 5935
4488 5936
4489 5937
4490 5938
4491 5939
4492 5940
4493 5942
4494 5943
4495 5944
4496 5945
4497 5946
4498 5947
4499 5949
4500 5951
4501 5952
4502 5953
4503 5954
4504 5955
4505 5956
4506 5957
4507 5960
4508 5961
4509 5962
4510 5963
4511 5964
4512 5965
4513 5966
4514 5968
4515 5969
4516 5970
4517 5971
4518 5972
4519 5973
4520 5974
4521 5976
4522 5977
4523 5978
4524 5979
4525 5980
4526 5981
4527 5982
4528 5984
4529 5985
4530 5986
4531 5987
4532 5988
4533 5989
4534 5990
4535 5992
4536 5995
4537 5996
4538 5997
4539 5998
4540 5999
4541 6000
4542 6001
4543 6002
4544 6003
4545 6005
4546 6006
4547 6007
4548 6009
4549 6010
4550 6013
4551 6014
4552 6015
4553 6016
4554 6017
4555 6019
4556 6020
4557 6022
4558 6023
4559 6025
4560 6026
4561 6027
4562 6028
4563 6029
4564 6030
4565 6032
4566 6033
4567 6034
4568 6035
4569 6036
4570 6037
4571 6038
4572 6039
4573 6040
4574 6041
4575 6042
4576 6043
4577 6044
4578 6045
4579 6046
4580 6049
4581 6050
4582 6051
4583 6052
4584 6053
4585 6054
4586 6055
4587 6056
4588 6057
4589 6058
4590 6059
4591 6060
4592 6061
4593 6062
4594 6063
4595 6065
4596 6068
4597 6069
4598 6070
4599 6071
4600 6072
4601 6077
4602 6078
4603 6079
4604 6082
4605 6084
4606 6085
4607 6086
4608 6087
4609 6088
4610 6089
4611 6090
4612 6091
4613 6092
4614 6094
4615 6095
4616 6096
4617 6097
4618 6098
4619 6099
4620 6101
4621 6104
4622 6105
4623 6106
4624 6107
4625 6109
4626 6110
4627 6111
4628 6112
4629 6113
4630 6114
4631 6115
4632 6116
4633 6117
4634 6118
4635 6119
4636 6121
4637 6122
4638 6123
4639 6124
4640 6126
4641 6128
4642 6129
4643 6131
4644 6133
4645 6134
4646 6135
4647 6136
4648 6137
4649 6138
4650 6139
4651 6140
4652 6141
4653 6142
4654 6144
4655 6145
4656 6146
4657 6147
4658 6148
4659 6149
4660 6150
4661 6152
4662 6153
4663 6154
4664 6155
4665 6156
4666 6158
4667 6160
4668 6161
4669 6162
4670 6163
4671 6165
4672 6166
4673 6168
4674 6169
4675 6170
4676 6171
4677 6172
4678 6173
4679 6175
4680 6176
4681 6177
4682 6178
4683 6179
4684 6181
4685 6182
4686 6184
4687 6185
4688 6186
4689 6187
4690 6188
4691 6189
4692 6190
4693 6191
4694 6192
4695 6193
4696 6194
4697 6195
4698 6196
4699 6197
4700 6198
4701 6202
4702 6203
4703 6204
4704 6205
4705 6206
4706 6207
4707 6208
4708 6209
4709 6210
4710 6211
4711 6212
4712 6213
4713 6215
4714 6217
4715 6218
4716 6219
4717 6220
4718 6221
4719 6222
4720 6224
4721 6225
4722 6226
4723 6229
4724 6230
4725 6231
4726 6232
4727 6233
4728 6235
4729 6237
4730 6239
4731 6240
4732 6241
4733 6242
4734 6243
4735 6244
4736 6245
4737 6246
4738 6247
4739 6248
4740 6249
4741 6250
4742 6251
4743 6252
4744 6253
4745 6254
4746 6256
4747 6257
4748 6258
4749 6259
4750 6260
4751 6261
4752 6265
4753 6266
4754 6267
4755 6268
4756 6269
4757 6270
4758 6271
4759 6272
4760 6273
4761 6274
4762 6275
4763 6276
4764 6277
4765 6278
4766 6279
4767 6280
4768 6281
4769 6282
4770 6285
4771 6286
4772 6287
4773 6288
4774 6289
4775 6293
4776 6294
4777 6295
4778 6297
4779 6298
4780 6299
4781 6300
4782 6302
4783 6303
4784 6304
4785 6305
4786 6306
4787 6307
4788 6308
4789 6309
4790 6310
4791 6311
4792 6312
4793 6313
4794 6314
4795 6315
4796 6316
4797 6318
4798 6321
4799 6322
4800 6323
4801 6324
4802 6325
4803 6326
4804 6328
4805 6329
4806 6331
4807 6332
4808 6333
4809 6334
4810 6335
4811 6336
4812 6337
4813 6338
4814 6339
4815 6341
4816 6343
4817 6344
4818 6346
4819 6348
4820 6350
4821 6351
4822 6352
4823 6354
4824 6355
4825 6357
4826 6358
4827 6359
4828 6360
4829 6361
4830 6362
4831 6363
4832 6364
4833 6365
4834 6366
4835 6367
4836 6368
4837 6370
4838 6371
4839 6372
4840 6373
4841 6374
4842 6376
4843 6377
4844 6378
4845 6379
4846 6380
4847 6381
4848 6383
4849 6384
4850 6385
4851 6386
4852 6387
4853 6388
4854 6389
4855 6390
4856 6392
4857 6393
4858 6395
4859 6396
4860 6397
4861 6398
4862 6399
4863 6401
4864 6402
4865 6403
4866 6404
4867 6405
4868 6406
4869 6408
4870 6410
4871 6411
4872 6413
4873 6414
4874 6416
4875 6417
4876 6420
4877 6422
4878 6424
4879 6425
4880 6426
4881 6427
4882 6429
4883 6430
4884 6431
4885 6432
4886 6434
4887 6435
4888 6436
4889 6437
4890 6438
4891 6439
4892 6440
4893 6441
4894 6442
4895 6443
4896 6445
4897 6446
4898 6448
4899 6449
4900 6450
4901 6451
4902 6453
4903 6454
4904 6455
4905 6456
4906 6457
4907 6461
4908 6462
4909 6464
4910 6465
4911 6466
4912 6467
4913 6468
4914 6469
4915 6470
4916 6471
4917 6473
4918 6475
4919 6476
4920 6477
4921 6478
4922 6480
4923 6481
4924 6482
4925 6483
4926 6484
4927 6485
4928 6486
4929 6487
4930 6489
4931 6490
4932 6491
4933 6492
4934 6493
4935 6494
4936 6495
4937 6496
4938 6497
4939 6499
4940 6501
4941 6502
4942 6504
4943 6505
4944 6506
4945 6507
4946 6508
4947 6509
4948 6510
4949 6511
4950 6512
4951 6513
4952 6514
4953 6515
4954 6516
4955 6517
4956 6518
4957 6519
4958 6520
4959 6521
4960 6522
4961 6523
4962 6525
4963 6526
4964 6527
4965 6528
4966 6529
4967 6530
4968 6531
4969 6532
4970 6533
4971 6534
4972 6536
4973 6537
4974 6538
4975 6539
4976 6540
4977 6541
4978 6544
4979 6545
4980 6546
4981 6547
4982 6548
4983 6549
4984 6550
4985 6554
4986 6555
4987 6558
4988 6559
4989 6560
4990 6561
4991 6562
4992 6563
4993 6564
4994 6565
4995 6566
4996 6567
4997 6568
4998 6571
4999 6572
5000 6573
5001 6574
5002 6575
5003 6577
5004 6578
5005 6579
5006 6580
5007 6581
5008 6582
5009 6583
5010 6584
5011 6585
5012 6586
5013 6587
5014 6588
5015 6589
5016 6590
5017 6591
5018 6592
5019 6593
5020 6594
5021 6595
5022 6597
5023 6598
5024 6601
5025 6602
5026 6604
5027 6605
5028 6606
5029 6608
5030 6609
5031 6610
5032 6611
5033 6612
5034 6613
5035 6614
5036 6615
5037 6616
5038 6617
5039 6618
5040 6620
5041 6621
5042 6622
5043 6623
5044 6624
5045 6625
5046 6627
5047 6629
5048 6630
5049 6633
5050 6636
5051 6637
5052 6638
5053 6639
5054 6640
5055 6642
5056 6643
5057 6644
5058 6645
5059 6646
5060 6647
5061 6648
5062 6649
5063 6650
5064 6651
5065 6653
5066 6654
5067 6655
5068 6658
5069 6659
5070 6661
5071 6662
5072 6665
5073 6666
5074 6667
5075 6668
5076 6669
5077 6670
5078 6671
5079 6672
5080 6673
5081 6674
5082 6675
5083 6676
5084 6677
5085 6678
5086 6680
5087 6681
5088 6682
5089 6683
5090 6684
5091 6685
5092 6686
5093 6688
5094 6689
5095 6692
5096 6693
5097 6694
5098 6697
5099 6698
5100 6699
5101 6701
5102 6702
5103 6705
5104 6706
5105 6707
5106 6708
5107 6709
5108 6710
5109 6711
5110 6712
5111 6713
5112 6714
5113 6716
5114 6717
5115 6718
5116 6719
5117 6720
5118 6721
5119 6722
5120 6723
5121 6725
5122 6726
5123 6727
5124 6728
5125 6729
5126 6730
5127 6731
5128 6732
5129 6733
5130 6734
5131 6736
5132 6737
5133 6739
5134 6740
5135 6741
5136 6742
5137 6743
5138 6744
5139 6745
5140 6746
5141 6747
5142 6750
5143 6751
5144 6752
5145 6753
5146 6754
5147 6755
5148 6757
5149 6758
5150 6762
5151 6763
5152 6764
5153 6765
5154 6766
5155 6770
5156 6771
5157 6772
5158 6773
5159 6774
5160 6776
5161 6777
5162 6779
5163 6780
5164 6781
5165 6782
5166 6783
5167 6785
5168 6786
5169 6787
5170 6788
5171 6789
5172 6790
5173 6791
5174 6792
5175 6793
5176 6794
5177 6796
5178 6797
5179 6798
5180 6799
5181 6800
5182 6801
5183 6802
5184 6803
5185 6805
5186 6806
5187 6807
5188 6808
5189 6809
5190 6811
5191 6812
5192 6813
5193 6814
5194 6815
5195 6816
5196 6817
5197 6818
5198 6819
5199 6820
5200 6821
5201 6822
5202 6824
5203 6825
5204 6826
5205 6827
5206 6828
5207 6830
5208 6831
5209 6832
5210 6833
5211 6835
5212 6837
5213 6839
5214 6840
5215 6841
5216 6842
5217 6845
5218 6846
5219 6849
5220 6851
5221 6852
5222 6853
5223 6854
5224 6856
5225 6857
5226 6861
5227 6863
5228 6864
5229 6865
5230 6866
5231 6867
5232 6868
5233 6869
5234 6870
5235 6871
5236 6872
5237 6873
5238 6874
5239 6875
5240 6876
5241 6877
5242 6880
5243 6881
5244 6882
5245 6883
5246 6884
5247 6886
5248 6887
5249 6888
5250 6889
5251 6890
5252 6891
5253 6892
5254 6893
5255 6894
5256 6895
5257 6896
5258 6897
5259 6898
5260 6899
5261 6900
5262 6901
5263 6902
5264 6903
5265 6905
5266 6906
5267 6907
5268 6909
5269 6910
5270 6912
5271 6915
5272 6916
5273 6917
5274 6918
5275 6919
5276 6921
5277 6922
5278 6923
5279 6924
5280 6925
5281 6926
5282 6928
5283 6929
5284 6930
5285 6931
5286 6932
5287 6933
5288 6934
5289 6936
5290 6937
5291 6938
5292 6940
5293 6941
5294 6942
5295 6944
5296 6945
5297 6946
5298 6947
5299 6948
5300 6949
5301 6950
5302 6951
5303 6952
5304 6953
5305 6954
5306 6955
5307 6956
5308 6958
5309 6959
5310 6960
5311 6961
5312 6962
5313 6964
5314 6966
5315 6968
5316 6969
5317 6970
5318 6971
5319 6973
5320 6974
5321 6975
5322 6977
5323 6978
5324 6979
5325 6980
5326 6981
5327 6982
5328 6984
5329 6985
5330 6986
5331 6987
5332 6988
5333 6989
5334 6991
5335 6992
5336 6993
5337 6994
5338 6995
5339 6996
5340 6997
5341 7000
5342 7001
5343 7002
5344 7003
5345 7004
5346 7005
5347 7006
5348 7008
5349 7009
5350 7010
5351 7011
5352 7012
5353 7013
5354 7014
5355 7015
5356 7016
5357 7017
5358 7018
5359 7019
5360 7021
5361 7022
5362 7023
5363 7024
5364 7026
5365 7027
5366 7028
5367 7029
5368 7030
5369 7031
5370 7032
5371 7033
5372 7034
5373 7035
5374 7036
5375 7038
5376 7040
5377 7041
5378 7042
5379 7043
5380 7044
5381 7045
5382 7046
5383 7047
5384 7049
5385 7050
5386 7051
5387 7053
5388 7054
5389 7056
5390 7057
5391 7058
5392 7059
5393 7060
5394 7061
5395 7064
5396 7065
5397 7066
5398 7067
5399 7069
5400 7070
5401 7071
5402 7072
5403 7073
5404 7074
5405 7076
5406 7077
5407 7078
5408 7079
5409 7080
5410 7081
5411 7083
5412 7084
5413 7085
5414 7086
5415 7087
5416 7088
5417 7090
5418 7091
5419 7092
5420 7094
5421 7095
5422 7096
5423 7097
5424 7098
5425 7099
5426 7101
5427 7103
5428 7104
5429 7105
5430 7106
5431 7107
5432 7108
5433 7110
5434 7112
5435 7113
5436 7114
5437 7115
5438 7116
5439 7117
5440 7118
5441 7120
5442 7121
5443 7122
5444 7123
5445 7124
5446 7125
5447 7127
5448 7129
5449 7130
5450 7131
5451 7132
5452 7133
5453 7134
5454 7135
5455 7136
5456 7137
5457 7138
5458 7140
5459 7141
5460 7142
5461 7143
5462 7144
5463 7147
5464 7148
5465 7149
5466 7150
5467 7152
5468 7153
5469 7155
5470 7156
5471 7157
5472 7158
5473 7160
5474 7162
5475 7163
5476 7164
5477 7165
5478 7166
5479 7169
5480 7170
5481 7171
5482 7173
5483 7175
5484 7176
5485 7177
5486 7178
5487 7179
5488 7180
5489 7181
5490 7182
5491 7183
5492 7184
5493 7185
5494 7186
5495 7187
5496 7189
5497 7190
5498 7192
5499 7193
5500 7194
5501 7196
5502 7197
5503 7198
5504 7199
5505 7200
5506 7201
5507 7203
5508 7205
5509 7206
5510 7208
5511 7209
5512 7210
5513 7212
5514 7213
5515 7215
5516 7217
5517 7218
5518 7219
5519 7220
5520 7221
5521 7222
5522 7224
5523 7225
5524 7226
5525 7227
5526 7229
5527 7231
5528 7232
5529 7233
5530 7234
5531 7235
5532 7237
5533 7238
5534 7239
5535 7240
5536 7241
5537 7242
5538 7243
5539 7244
5540 7245
5541 7246
5542 7247
5543 7248
5544 7249
5545 7250
5546 7251
5547 7252
5548 7253
5549 7255
5550 7256
5551 7257
5552 7258
5553 7259
5554 7260
5555 7261
5556 7264
5557 7266
5558 7268
5559 7269
5560 7270
5561 7273
5562 7274
5563 7275
5564 7276
5565 7277
5566 7278
5567 7280
5568 7281
5569 7282
5570 7283
5571 7285
5572 7286
5573 7287
5574 7288
5575 7289
5576 7290
5577 7292
5578 7293
5579 7294
5580 7295
5581 7296
5582 7297
5583 7298
5584 7299
5585 7300
5586 7301
5587 7302
5588 7303
5589 7304
5590 7305
5591 7306
5592 7307
5593 7308
5594 7309
5595 7310
5596 7312
5597 7313
5598 7314
5599 7315
5600 7316
5601 7317
5602 7318
5603 7319
5604 7320
5605 7321
5606 7322
5607 7323
5608 7328
5609 7329
5610 7330
5611 7331
5612 7332
5613 7333
5614 7334
5615 7337
5616 7338
5617 7339
5618 7340
5619 7341
5620 7342
5621 7345
5622 7346
5623 7347
5624 7349
5625 7350
5626 7352
5627 7353
5628 7355
5629 7357
5630 7358
5631 7359
5632 7360
5633 7361
5634 7363
5635 7364
5636 7365
5637 7366
5638 7367
5639 7368
5640 7369
5641 7370
5642 7371
5643 7372
5644 7373
5645 7374
5646 7377
5647 7378
5648 7379
5649 7380
5650 7381
5651 7382
5652 7384
5653 7385
5654 7386
5655 7387
5656 7388
5657 7390
5658 7391
5659 7392
5660 7393
5661 7394
5662 7395
5663 7396
5664 7397
5665 7398
5666 7401
5667 7402
5668 7403
5669 7404
5670 7405
5671 7407
5672 7408
5673 7409
5674 7410
5675 7411
5676 7413
5677 7414
5678 7415
5679 7416
5680 7418
5681 7419
5682 7420
5683 7421
5684 7422
5685 7423
5686 7426
5687 7427
5688 7428
5689 7429
5690 7430
5691 7432
5692 7433
5693 7434
5694 7435
5695 7437
5696 7438
5697 7439
5698 7440
5699 7441
5700 7442
5701 7443
5702 7444
5703 7445
5704 7446
5705 7448
5706 7449
5707 7450
5708 7451
5709 7453
5710 7454
5711 7455
5712 7456
5713 7457
5714 7458
5715 7459
5716 7460
5717 7461
5718 7462
5719 7463
5720 7464
5721 7465
5722 7466
5723 7467
5724 7468
5725 7469
5726 7470
5727 7472
5728 7473
5729 7474
5730 7475
5731 7476
5732 7477
5733 7478
5734 7480
5735 7481
5736 7482
5737 7483
5738 7484
5739 7485
5740 7486
5741 7488
5742 7490
5743 7491
5744 7493
5745 7494
5746 7495
5747 7496
5748 7498
5749 7500
5750 7502
5751 7503
5752 7504
5753 7505
5754 7506
5755 7507
5756 7509
5757 7510
5758 7511
5759 7513
5760 7514
5761 7515
5762 7517
5763 7518
5764 7519
5765 7520
5766 7521
5767 7523
5768 7526
5769 7528
5770 7529
5771 7530
5772 7532
5773 7533
5774 7534
5775 7535
5776 7536
5777 7537
5778 7539
5779 7540
5780 7541
5781 7542
5782 7544
5783 7545
5784 7547
5785 7548
5786 7549
5787 7550
5788 7553
5789 7554
5790 7555
5791 7556
5792 7557
5793 7558
5794 7560
5795 7561
5796 7562
5797 7563
5798 7565
5799 7566
5800 7567
5801 7568
5802 7569
5803 7570
5804 7571
5805 7572
5806 7573
5807 7574
5808 7575
5809 7577
5810 7578
5811 7579
5812 7581
5813 7582
5814 7584
5815 7585
5816 7586
5817 7588
5818 7589
5819 7591
5820 7592
5821 7593
5822 7594
5823 7595
5824 7596
5825 7597
5826 7598
5827 7599
5828 7601
5829 7602
5830 7603
5831 7605
5832 7606
5833 7608
5834 7609
5835 7610
5836 7611
5837 7612
5838 7613
5839 7614
5840 7616
5841 7617
5842 7618
5843 7619
5844 7621
5845 7622
5846 7624
5847 7626
5848 7627
5849 7628
5850 7629
5851 7630
5852 7631
5853 7632
5854 7634
5855 7635
5856 7636
5857 7638
5858 7640
5859 7641
5860 7642
5861 7643
5862 7644
5863 7645
5864 7646
5865 7647
5866 7648
5867 7649
5868 7650
5869 7651
5870 7652
5871 7653
5872 7654
5873 7657
5874 7658
5875 7659
5876 7660
5877 7662
5878 7663
5879 7664
5880 7665
5881 7666
5882 7667
5883 7668
5884 7669
5885 7671
5886 7672
5887 7673
5888 7674
5889 7675
5890 7677
5891 7680
5892 7681
5893 7682
5894 7684
5895 7686
5896 7687
5897 7688
5898 7689
5899 7690
5900 7691
5901 7692
5902 7694
5903 7696
5904 7697
5905 7698
5906 7699
5907 7700
5908 7701
5909 7702
5910 7703
5911 7705
5912 7706
5913 7707
5914 7708
5915 7709
5916 7710
5917 7712
5918 7714
5919 7715
5920 7716
5921 7717
5922 7718
5923 7719
5924 7720
5925 7721
5926 7722
5927 7724
5928 7725
5929 7726
5930 7727
5931 7728
5932 7729
5933 7730
5934 7731
5935 7733
5936 7734
5937 7735
5938 7736
5939 7737
5940 7738
5941 7739
5942 7741
5943 7742
5944 7743
5945 7745
5946 7746
5947 7747
5948 7749
5949 7750
5950 7751
5951 7752
5952 7753
5953 7754
5954 7755
5955 7756
5956 7757
5957 7758
5958 7760
5959 7761
5960 7762
5961 7763
5962 7764
5963 7765
5964 7766
5965 7767
5966 7768
5967 7769
5968 7770
5969 7771
5970 7773
5971 7774
5972 7777
5973 7778
5974 7779
5975 7780
5976 7781
5977 7782
5978 7784
5979 7785
5980 7787
5981 7788
5982 7789
5983 7792
5984 7794
5985 7796
5986 7797
5987 7798
5988 7799
5989 7800
5990 7801
5991 7803
5992 7805
5993 7806
5994 7807
5995 7808
5996 7809
5997 7810
5998 7812
5999 7813
6000 7814
6001 7815
6002 7816
6003 7818
6004 7819
6005 7820
6006 7821
6007 7822
6008 7823
6009 7824
6010 7825
6011 7826
6012 7827
6013 7828
6014 7829
6015 7832
6016 7833
6017 7834
6018 7835
6019 7836
6020 7837
6021 7838
6022 7840
6023 7841
6024 7842
6025 7843
6026 7844
6027 7845
6028 7846
6029 7848
6030 7849
6031 7850
6032 7851
6033 7852
6034 7853
6035 7854
6036 7855
6037 7857
6038 7858
6039 7859
6040 7860
6041 7861
6042 7862
6043 7863
6044 7864
6045 7865
6046 7866
6047 7867
6048 7869
6049 7870
6050 7871
6051 7872
6052 7873
6053 7874
6054 7875
6055 7876
6056 7877
6057 7878
6058 7880
6059 7882
6060 7883
6061 7884
6062 7885
6063 7886
6064 7888
6065 7889
6066 7890
6067 7891
6068 7893
6069 7894
6070 7896
6071 7897
6072 7898
6073 7899
6074 7901
6075 7902
6076 7903
6077 7904
6078 7905
6079 7907
6080 7908
6081 7909
6082 7910
6083 7913
6084 7914
6085 7915
6086 7916
6087 7917
6088 7918
6089 7920
6090 7921
6091 7922
6092 7923
6093 7924
6094 7925
6095 7926
6096 7927
6097 7929
6098 7930
6099 7931
6100 7933
6101 7934
6102 7937
6103 7939
6104 7940
6105 7941
6106 7943
6107 7945
6108 7946
6109 7947
6110 7948
6111 7949
6112 7950
6113 7953
6114 7954
6115 7955
6116 7958
6117 7959
6118 7960
6119 7961
6120 7962
6121 7963
6122 7966
6123 7967
6124 7968
6125 7969
6126 7970
6127 7973
6128 7974
6129 7976
6130 7978
6131 7979
6132 7980
6133 7981
6134 7982
6135 7985
6136 7986
6137 7987
6138 7988
6139 7989
6140 7990
6141 7992
6142 7993
6143 7994
6144 7995
6145 7997
6146 7998
6147 8001
6148 8002
6149 8003
6150 8004
6151 8006
6152 8007
6153 8008
6154 8009
6155 8010
6156 8011
6157 8012
6158 8013
6159 8014
6160 8015
6161 8016
6162 8017
6163 8018
6164 8020
6165 8021
6166 8022
6167 8023
6168 8024
6169 8025
6170 8026
6171 8027
6172 8029
6173 8030
6174 8031
6175 8032
6176 8033
6177 8034
6178 8035
6179 8037
6180 8038
6181 8040
6182 8041
6183 8043
6184 8044
6185 8045
6186 8046
6187 8049
6188 8050
6189 8051
6190 8052
6191 8053
6192 8054
6193 8055
6194 8057
6195 8058
6196 8059
6197 8060
6198 8061
6199 8062
6200 8065
6201 8066
6202 8067
6203 8068
6204 8069
6205 8070
6206 8072
6207 8073
6208 8074
6209 8076
6210 8077
6211 8078
6212 8079
6213 8080
6214 8081
6215 8083
6216 8084
6217 8085
6218 8086
6219 8087
6220 8089
6221 8090
6222 8091
6223 8092
6224 8093
6225 8094
6226 8095
6227 8096
6228 8097
6229 8098
6230 8099
6231 8100
6232 8101
6233 8102
6234 8103
6235 8106
6236 8107
6237 8108
6238 8109
6239 8114
6240 8115
6241 8116
6242 8117
6243 8118
6244 8121
6245 8122
6246 8124
6247 8125
6248 8126
6249 8127
6250 8129
6251 8130
6252 8131
6253 8132
6254 8133
6255 8135
6256 8136
6257 8137
6258 8139
6259 8140
6260 8141
6261 8142
6262 8143
6263 8144
6264 8145
6265 8146
6266 8147
6267 8149
6268 8150
6269 8151
6270 8154
6271 8155
6272 8156
6273 8157
6274 8158
6275 8159
6276 8160
6277 8161
6278 8162
6279 8163
6280 8164
6281 8165
6282 8166
6283 8168
6284 8169
6285 8170
6286 8171
6287 8173
6288 8174
6289 8175
6290 8177
6291 8178
6292 8179
6293 8183
6294 8184
6295 8185
6296 8186
6297 8187
6298 8189
6299 8190
6300 8193
6301 8194
6302 8195
6303 8196
6304 8197
6305 8200
6306 8201
6307 8202
6308 8203
6309 8204
6310 8205
6311 8206
6312 8207
6313 8208
6314 8209
6315 8210
6316 8211
6317 8212
6318 8213
6319 8214
6320 8215
6321 8219
6322 8220
6323 8221
6324 8222
6325 8223
6326 8224
6327 8225
6328 8226
6329 8227
6330 8228
6331 8230
6332 8232
6333 8233
6334 8235
6335 8236
6336 8238
6337 8239
6338 8242
6339 8244
6340 8245
6341 8246
6342 8248
6343 8249
6344 8250
6345 8251
6346 8253
6347 8254
6348 8255
6349 8256
6350 8257
6351 8258
6352 8259
6353 8262
6354 8264
6355 8265
6356 8266
6357 8267
6358 8268
6359 8269
6360 8270
6361 8271
6362 8273
6363 8274
6364 8275
6365 8276
6366 8277
6367 8278
6368 8280
6369 8281
6370 8282
6371 8283
6372 8285
6373 8286
6374 8288
6375 8289
6376 8290
6377 8291
6378 8292
6379 8293
6380 8294
6381 8295
6382 8296
6383 8297
6384 8298
6385 8299
6386 8301
6387 8302
6388 8303
6389 8305
6390 8306
6391 8307
6392 8308
6393 8309
6394 8310
6395 8311
6396 8312
6397 8313
6398 8314
6399 8315
6400 8316
6401 8317
6402 8318
6403 8319
6404 8320
6405 8321
6406 8322
6407 8325
6408 8326
6409 8327
6410 8329
6411 8330
6412 8331
6413 8332
6414 8333
6415 8336
6416 8337
6417 8338
6418 8339
6419 8340
6420 8341
6421 8343
6422 8345
6423 8346
6424 8347
6425 8349
6426 8350
6427 8352
6428 8353
6429 8354
6430 8355
6431 8356
6432 8357
6433 8358
6434 8359
6435 8362
6436 8363
6437 8364
6438 8365
6439 8366
6440 8367
6441 8368
6442 8370
6443 8371
6444 8372
6445 8373
6446 8374
6447 8376
6448 8377
6449 8378
6450 8379
6451 8382
6452 8383
6453 8384
6454 8385
6455 8386
6456 8387
6457 8389
6458 8390
6459 8391
6460 8392
6461 8393
6462 8394
6463 8395
6464 8396
6465 8397
6466 8398
6467 8399
6468 8401
6469 8402
6470 8403
6471 8404
6472 8406
6473 8407
6474 8408
6475 8409
6476 8410
6477 8411
6478 8412
6479 8413
6480 8414
6481 8415
6482 8417
6483 8418
6484 8421
6485 8422
6486 8424
6487 8425
6488 8427
6489 8429
6490 8430
6491 8431
6492 8433
6493 8436
6494 8437
6495 8438
6496 8440
6497 8442
6498 8443
6499 8444
6500 8445
6501 8448
6502 8449
6503 8450
6504 8451
6505 8452
6506 8453
6507 8454
6508 8456
6509 8457
6510 8458
6511 8459
6512 8460
6513 8461
6514 8462
6515 8463
6516 8464
6517 8465
6518 8466
6519 8467
6520 8469
6521 8470
6522 8471
6523 8472
6524 8473
6525 8474
6526 8476
6527 8478
6528 8479
6529 8480
6530 8481
6531 8482
6532 8483
6533 8484
6534 8485
6535 8486
6536 8487
6537 8489
6538 8490
6539 8491
6540 8492
6541 8493
6542 8494
6543 8497
6544 8498
6545 8499
6546 8501
6547 8502
6548 8503
6549 8505
6550 8507
6551 8508
6552 8509
6553 8510
6554 8511
6555 8512
6556 8514
6557 8515
6558 8516
6559 8517
6560 8518
6561 8519
6562 8520
6563 8521
6564 8522
6565 8523
6566 8524
6567 8525
6568 8526
6569 8527
6570 8528
6571 8529
6572 8530
6573 8531
6574 8533
6575 8534
6576 8535
6577 8536
6578 8537
6579 8538
6580 8539
6581 8540
6582 8541
6583 8542
6584 8543
6585 8544
6586 8545
6587 8547
6588 8548
6589 8549
6590 8550
6591 8553
6592 8554
6593 8555
6594 8556
6595 8557
6596 8558
6597 8559
6598 8560
6599 8561
6600 8562
6601 8563
6602 8564
6603 8565
6604 8566
6605 8568
6606 8570
6607 8571
6608 8572
6609 8573
6610 8574
6611 8575
6612 8576
6613 8577
6614 8578
6615 8579
6616 8580
6617 8581
6618 8582
6619 8583
6620 8584
6621 8586
6622 8587
6623 8588
6624 8589
6625 8590
6626 8591
6627 8592
6628 8593
6629 8594
6630 8595
6631 8596
6632 8597
6633 8598
6634 8599
6635 8600
6636 8601
6637 8602
6638 8603
6639 8604
6640 8605
6641 8606
6642 8607
6643 8608
6644 8609
6645 8610
6646 8611
6647 8612
6648 8613
6649 8614
6650 8615
6651 8616
6652 8617
6653 8618
6654 8619
6655 8620
6656 8621
6657 8622
6658 8625
6659 8626
6660 8627
6661 8629
6662 8632
6663 8633
6664 8634
6665 8635
6666 8637
6667 8638
6668 8639
6669 8641
6670 8642
6671 8643
6672 8644
6673 8645
6674 8646
6675 8648
6676 8649
6677 8651
6678 8652
6679 8653
6680 8654
6681 8655
6682 8656
6683 8657
6684 8659
6685 8660
6686 8661
6687 8662
6688 8663
6689 8664
6690 8665
6691 8666
6692 8667
6693 8669
6694 8670
6695 8671
6696 8672
6697 8673
6698 8674
6699 8675
6700 8677
6701 8678
6702 8680
6703 8681
6704 8682
6705 8683
6706 8687
6707 8688
6708 8689
6709 8690
6710 8691
6711 8692
6712 8695
6713 8696
6714 8697
6715 8698
6716 8699
6717 8700
6718 8701
6719 8702
6720 8703
6721 8704
6722 8705
6723 8706
6724 8707
6725 8708
6726 8709
6727 8710
6728 8711
6729 8713
6730 8714
6731 8715
6732 8716
6733 8717
6734 8718
6735 8720
6736 8722
6737 8723
6738 8724
6739 8725
6740 8726
6741 8728
6742 8729
6743 8730
6744 8731
6745 8733
6746 8734
6747 8737
6748 8738
6749 8741
6750 8742
6751 8744
6752 8746
6753 8748
6754 8750
6755 8752
6756 8753
6757 8754
6758 8755
6759 8757
6760 8758
6761 8760
6762 8761
6763 8762
6764 8763
6765 8765
6766 8768
6767 8769
6768 8770
6769 8771
6770 8772
6771 8773
6772 8774
6773 8776
6774 8778
6775 8779
6776 8780
6777 8781
6778 8782
6779 8785
6780 8786
6781 8787
6782 8788
6783 8789
6784 8790
6785 8791
6786 8794
6787 8795
6788 8796
6789 8797
6790 8798
6791 8800
6792 8801
6793 8804
6794 8805
6795 8806
6796 8807
6797 8808
6798 8809
6799 8810
6800 8811
6801 8813
6802 8814
6803 8815
6804 8816
6805 8817
6806 8818
6807 8819
6808 8821
6809 8822
6810 8823
6811 8824
6812 8825
6813 8826
6814 8828
6815 8829
6816 8830
6817 8832
6818 8833
6819 8834
6820 8835
6821 8836
6822 8837
6823 8838
6824 8840
6825 8842
6826 8843
6827 8844
6828 8845
6829 8846
6830 8847
6831 8848
6832 8849
6833 8850
6834 8851
6835 8852
6836 8853
6837 8854
6838 8856
6839 8857
6840 8858
6841 8859
6842 8860
6843 8862
6844 8863
6845 8864
6846 8865
6847 8866
6848 8868
6849 8869
6850 8870
6851 8871
6852 8872
6853 8873
6854 8874
6855 8875
6856 8876
6857 8877
6858 8878
6859 8879
6860 8880
6861 8881
6862 8882
6863 8883
6864 8885
6865 8886
6866 8888
6867 8889
6868 8891
6869 8893
6870 8894
6871 8895
6872 8897
6873 8898
6874 8899
6875 8902
6876 8903
6877 8904
6878 8905
6879 8906
6880 8907
6881 8908
6882 8909
6883 8910
6884 8911
6885 8912
6886 8913
6887 8914
6888 8915
6889 8917
6890 8919
6891 8920
6892 8921
6893 8922
6894 8923
6895 8925
6896 8926
6897 8928
6898 8930
6899 8931
6900 8932
6901 8933
6902 8934
6903 8935
6904 8936
6905 8938
6906 8939
6907 8940
6908 8941
6909 8942
6910 8943
6911 8944
6912 8945
6913 8946
6914 8947
6915 8948
6916 8949
6917 8951
6918 8952
6919 8953
6920 8954
6921 8955
6922 8957
6923 8958
6924 8960
6925 8961
6926 8962
6927 8963
6928 8965
6929 8968
6930 8970
6931 8971
6932 8973
6933 8974
6934 8976
6935 8977
6936 8979
6937 8980
6938 8981
6939 8982
6940 8983
6941 8984
6942 8985
6943 8986
6944 8987
6945 8989
6946 8990
6947 8991
6948 8992
6949 8993
6950 8994
6951 8995
6952 8996
6953 8997
6954 8998
6955 8999
6956 9000
6957 9002
6958 9003
6959 9004
6960 9006
6961 9007
6962 9009
6963 9010
6964 9011
6965 9012
6966 9014
6967 9015
6968 9016
6969 9017
6970 9018
6971 9021
6972 9022
6973 9023
6974 9024
6975 9026
6976 9027
6977 9029
6978 9030
6979 9032
6980 9033
6981 9034
6982 9035
6983 9038
6984 9039
6985 9040
6986 9042
6987 9043
6988 9045
6989 9047
6990 9049
6991 9050
6992 9051
6993 9053
6994 9054
6995 9056
6996 9057
6997 9058
6998 9059
6999 9060
7000 9061
7001 9062
7002 9066
7003 9068
7004 9069
7005 9070
7006 9071
7007 9075
7008 9077
7009 9078
7010 9079
7011 9080
7012 9081
7013 9082
7014 9084
7015 9086
7016 9087
7017 9088
7018 9089
7019 9090
7020 9091
7021 9093
7022 9094
7023 9095
7024 9096
7025 9097
7026 9098
7027 9099
7028 9100
7029 9101
7030 9102
7031 9103
7032 9104
7033 9105
7034 9106
7035 9107
7036 9108
7037 9109
7038 9110
7039 9111
7040 9113
7041 9115
7042 9116
7043 9118
7044 9119
7045 9120
7046 9121
7047 9122
7048 9124
7049 9125
7050 9126
7051 9128
7052 9129
7053 9131
7054 9132
7055 9133
7056 9136
7057 9137
7058 9138
7059 9139
7060 9141
7061 9144
7062 9145
7063 9146
7064 9147
7065 9148
7066 9149
7067 9150
7068 9151
7069 9153
7070 9155
7071 9156
7072 9157
7073 9158
7074 9159
7075 9160
7076 9162
7077 9164
7078 9165
7079 9166
7080 9167
7081 9168
7082 9169
7083 9170
7084 9171
7085 9172
7086 9173
7087 9174
7088 9175
7089 9176
7090 9177
7091 9178
7092 9179
7093 9181
7094 9182
7095 9184
7096 9185
7097 9186
7098 9187
7099 9188
7100 9189
7101 9190
7102 9191
7103 9192
7104 9193
7105 9194
7106 9195
7107 9196
7108 9198
7109 9201
7110 9202
7111 9203
7112 9206
7113 9207
7114 9208
7115 9209
7116 9210
7117 9211
7118 9213
7119 9214
7120 9215
7121 9216
7122 9217
7123 9218
7124 9219
7125 9220
7126 9221
7127 9222
7128 9223
7129 9224
7130 9226
7131 9227
7132 9228
7133 9229
7134 9230
7135 9231
7136 9232
7137 9233
7138 9234
7139 9235
7140 9237
7141 9238
7142 9240
7143 9241
7144 9242
7145 9243
7146 9246
7147 9247
7148 9249
7149 9250
7150 9253
7151 9254
7152 9255
7153 9256
7154 9258
7155 9259
7156 9262
7157 9263
7158 9264
7159 9265
7160 9266
7161 9267
7162 9269
7163 9271
7164 9272
7165 9273
7166 9274
7167 9275
7168 9276
7169 9277
7170 9278
7171 9280
7172 9281
7173 9283
7174 9285
7175 9286
7176 9288
7177 9289
7178 9290
7179 9291
7180 9292
7181 9293
7182 9294
7183 9296
7184 9297
7185 9298
7186 9299
7187 9300
7188 9301
7189 9302
7190 9303
7191 9304
7192 9305
7193 9306
7194 9307
7195 9308
7196 9309
7197 9310
7198 9312
7199 9313
7200 9314
7201 9315
7202 9316
7203 9317
7204 9318
7205 9320
7206 9321
7207 9322
7208 9323
7209 9324
7210 9325
7211 9326
7212 9327
7213 9328
7214 9330
7215 9331
7216 9332
7217 9333
7218 9334
7219 9336
7220 9337
7221 9338
7222 9339
7223 9341
7224 9343
7225 9345
7226 9346
7227 9347
7228 9348
7229 9349
7230 9353
7231 9354
7232 9355
7233 9356
7234 9357
7235 9360
7236 9361
7237 9362
7238 9363
7239 9364
7240 9365
7241 9366
7242 9367
7243 9369
7244 9370
7245 9371
7246 9372
7247 9373
7248 9374
7249 9376
7250 9377
7251 9378
7252 9379
7253 9380
7254 9381
7255 9382
7256 9383
7257 9387
7258 9388
7259 9389
7260 9390
7261 9391
7262 9392
7263 9393
7264 9394
7265 9395
7266 9396
7267 9397
7268 9398
7269 9399
7270 9401
7271 9402
7272 9403
7273 9404
7274 9405
7275 9410
7276 9411
7277 9412
7278 9414
7279 9415
7280 9417
7281 9418
7282 9419
7283 9420
7284 9421
7285 9424
7286 9425
7287 9426
7288 9427
7289 9429
7290 9430
7291 9432
7292 9433
7293 9434
7294 9435
7295 9437
7296 9438
7297 9439
7298 9440
7299 9441
7300 9442
7301 9443
7302 9445
7303 9446
7304 9448
7305 9449
7306 9451
7307 9452
7308 9453
7309 9454
7310 9456
7311 9457
7312 9458
7313 9459
7314 9460
7315 9461
7316 9462
7317 9464
7318 9465
7319 9466
7320 9467
7321 9469
7322 9470
7323 9471
7324 9473
7325 9474
7326 9475
7327 9478
7328 9479
7329 9480
7330 9481
7331 9483
7332 9484
7333 9485
7334 9486
7335 9487
7336 9488
7337 9489
7338 9490
7339 9491
7340 9493
7341 9494
7342 9495
7343 9496
7344 9498
7345 9499
7346 9501
7347 9502
7348 9504
7349 9506
7350 9507
7351 9508
7352 9509
7353 9510
7354 9511
7355 9513
7356 9514
7357 9515
7358 9516
7359 9517
7360 9518
7361 9519
7362 9520
7363 9521
7364 9522
7365 9523
7366 9524
7367 9525
7368 9526
7369 9527
7370 9528
7371 9529
7372 9530
7373 9533
7374 9534
7375 9535
7376 9536
7377 9537
7378 9538
7379 9539
7380 9540
7381 9542
7382 9543
7383 9544
7384 9545
7385 9546
7386 9547
7387 9548
7388 9549
7389 9550
7390 9551
7391 9552
7392 9553
7393 9554
7394 9555
7395 9556
7396 9557
7397 9558
7398 9560
7399 9562
7400 9563
7401 9565
7402 9568
7403 9569
7404 9570
7405 9571
7406 9573
7407 9575
7408 9577
7409 9578
7410 9579
7411 9580
7412 9581
7413 9582
7414 9584
7415 9585
7416 9586
7417 9587
7418 9588
7419 9589
7420 9591
7421 9592
7422 9593
7423 9594
7424 9595
7425 9596
7426 9597
7427 9598
7428 9601
7429 9602
7430 9603
7431 9604
7432 9605
7433 9606
7434 9607
7435 9608
7436 9609
7437 9610
7438 9611
7439 9612
7440 9613
7441 9614
7442 9615
7443 9616
7444 9617
7445 9618
7446 9619
7447 9620
7448 9621
7449 9622
7450 9623
7451 9625
7452 9626
7453 9628
7454 9629
7455 9630
7456 9633
7457 9634
7458 9635
7459 9636
7460 9637
7461 9638
7462 9640
7463 9641
7464 9642
7465 9643
7466 9644
7467 9645
7468 9646
7469 9648
7470 9649
7471 9650
7472 9651
7473 9652
7474 9653
7475 9654
7476 9656
7477 9657
7478 9658
7479 9659
7480 9660
7481 9661
7482 9662
7483 9663
7484 9665
7485 9666
7486 9668
7487 9669
7488 9670
7489 9671
7490 9673
7491 9674
7492 9675
7493 9676
7494 9677
7495 9678
7496 9679
7497 9680
7498 9681
7499 9682
7500 9684
7501 9685
7502 9686
7503 9688
7504 9689
7505 9690
7506 9691
7507 9692
7508 9694
7509 9695
7510 9697
7511 9698
7512 9699
7513 9700
7514 9701
7515 9702
7516 9704
7517 9705
7518 9706
7519 9707
7520 9708
7521 9709
7522 9710
7523 9712
7524 9713
7525 9714
7526 9715
7527 9716
7528 9717
7529 9718
7530 9719
7531 9721
7532 9722
7533 9723
7534 9724
7535 9725
7536 9726
7537 9727
7538 9729
7539 9730
7540 9731
7541 9732
7542 9733
7543 9734
7544 9736
7545 9737
7546 9738
7547 9740
7548 9741
7549 9742
7550 9743
7551 9744
7552 9745
7553 9747
7554 9749
7555 9750
7556 9752
7557 9753
7558 9754
7559 9756
7560 9757
7561 9758
7562 9759
7563 9760
7564 9761
7565 9762
7566 9763
7567 9764
7568 9765
7569 9768
7570 9769
7571 9770
7572 9771
7573 9772
7574 9773
7575 9775
7576 9776
7577 9777
7578 9778
7579 9779
7580 9780
7581 9781
7582 9782
7583 9783
7584 9784
7585 9785
7586 9786
7587 9787
7588 9789
7589 9793
7590 9794
7591 9795
7592 9796
7593 9797
7594 9798
7595 9799
7596 9801
7597 9802
7598 9803
7599 9804
7600 9805
7601 9806
7602 9808
7603 9809
7604 9812
7605 9813
7606 9814
7607 9815
7608 9816
7609 9817
7610 9818
7611 9819
7612 9821
7613 9822
7614 9823
7615 9824
7616 9826
7617 9827
7618 9828
7619 9829
7620 9830
7621 9831
7622 9833
7623 9834
7624 9835
7625 9836
7626 9837
7627 9838
7628 9840
7629 9841
7630 9842
7631 9843
7632 9845
7633 9846
7634 9847
7635 9848
7636 9850
7637 9851
7638 9853
7639 9854
7640 9856
7641 9857
7642 9858
7643 9859
7644 9860
7645 9861
7646 9862
7647 9865
7648 9866
7649 9867
7650 9868
7651 9869
7652 9870
7653 9871
7654 9873
7655 9874
7656 9875
7657 9876
7658 9877
7659 9878
7660 9879
7661 9880
7662 9881
7663 9883
7664 9885
7665 9886
7666 9887
7667 9888
7668 9890
7669 9891
7670 9892
7671 9893
7672 9894
7673 9895
7674 9897
7675 9898
7676 9901
7677 9902
7678 9903
7679 9904
7680 9905
7681 9906
7682 9907
7683 9908
7684 9909
7685 9911
7686 9912
7687 9913
7688 9914
7689 9915
7690 9916
7691 9917
7692 9918
7693 9922
7694 9923
7695 9924
7696 9925
7697 9926
7698 9927
7699 9929
7700 9930
7701 9931
7702 9932
7703 9933
7704 9934
7705 9936
7706 9937
7707 9938
7708 9939
7709 9940
7710 9941
7711 9942
7712 9943
7713 9944
7714 9945
7715 9946
7716 9948
7717 9949
7718 9950
7719 9952
7720 9953
7721 9954
7722 9955
7723 9956
7724 9957
7725 9959
7726 9960
7727 9961
7728 9962
7729 9964
7730 9965
7731 9966
7732 9968
7733 9969
7734 9970
7735 9971
7736 9973
7737 9974
7738 9976
7739 9977
7740 9978
7741 9979
7742 9981
7743 9982
7744 9983
7745 9984
7746 9985
7747 9986
7748 9987
7749 9988
7750 9990
7751 9991
7752 9992
7753 9993
7754 9994
7755 9995
7756 9996
7757 9997
7758 9998
7759 9999







