1 3
2 5
3 6
4 9
5 10
6 12
7 14
8 16
9 17
10 21
11 22
12 24
13 29
14 30
15 31
16 32
17 33
18 34
19 36
20 37
21 38
22 41
23 42
24 43
25 46
26 50
27 51
28 52
29 57
30 58
31 59
32 62
33 65
34 66
35 68
36 69
37 70
38 73
39 75
40 77
41 78
42 80
43 82
44 84
45 85
46 86
47 88
48 90
49 91
50 92
51 93
52 94
53 96
54 97
55 98
56 99
57 101
58 102
59 103
60 105
61 108
62 110
63 111
64 113
65 114
66 115
67 117
68 119
69 120
70 122
71 123
72 129
73 130
74 131
75 132
76 133
77 134
78 136
79 137
80 138
81 140
82 141
83 142
84 144
85 145
86 149
87 154
88 156
89 157
90 158
91 160
92 161
93 162
94 163
95 164
96 165
97 166
98 168
99 169
100 171
101 173
102 176
103 177
104 178
105 179
106 181
107 182
108 183
109 185
110 187
111 189
112 190
113 192
114 194
115 195
116 196
117 197
118 198
119 201
120 202
121 203
122 204
123 205
124 206
125 208
126 209
127 210
128 211
129 213
130 214
131 217
132 218
133 219
134 220
135 221
136 224
137 225
138 226
139 227
140 228
141 229
142 230
143 231
144 232
145 234
146 237
147 238
148 240
149 241
150 246
151 247
152 248
153 250
154 253
155 254
156 255
157 257
158 258
159 259
160 260
161 263
162 264
163 265
164 266
165 267
166 268
167 269
168 272
169 273
170 274
171 275
172 276
173 278
174 280
175 281
176 282
177 283
178 285
179 290
180 291
181 295
182 296
183 297
184 300
185 302
186 303
187 304
188 305
189 306
190 309
191 310
192 311
193 312
194 313
195 314
196 315
197 317
198 319
199 320
200 321
201 322
202 323
203 325
204 326
205 328
206 330
207 331
208 332
209 333
210 335
211 336
212 337
213 338
214 340
215 341
216 344
217 345
218 346
219 347
220 349
221 351
222 352
223 353
224 354
225 357
226 358
227 360
228 361
229 363
230 365
231 367
232 369
233 372
234 373
235 374
236 376
237 377
238 378
239 379
240 380
241 381
242 382
243 383
244 384
245 385
246 386
247 387
248 388
249 389
250 390
251 392
252 393
253 394
254 395
255 396
256 397
257 398
258 399
259 400
260 401
261 402
262 403
263 404
264 406
265 407
266 408
267 409
268 410
269 411
270 413
271 414
272 416
273 417
274 418
275 419
276 420
277 421
278 422
279 423
280 426
281 427
282 428
283 429
284 430
285 434
286 435
287 436
288 437
289 438
290 441
291 442
292 443
293 444
294 445
295 446
296 449
297 450
298 451
299 452
300 453
301 454
302 456
303 457
304 458
305 460
306 461
307 462
308 465
309 466
310 467
311 468
312 469
313 470
314 472
315 474
316 475
317 478
318 479
319 480
320 481
321 482
322 483
323 484
324 485
325 486
326 488
327 489
328 491
329 492
330 493
331 494
332 497
333 498
334 500
335 501
336 502
337 505
338 507
339 509
340 510
341 513
342 514
343 517
344 518
345 519
346 520
347 521
348 522
349 523
350 525
351 526
352 527
353 528
354 529
355 530
356 531
357 532
358 534
359 536
360 537
361 538
362 539
363 540
364 541
365 542
366 543
367 544
368 545
369 548
370 549
371 551
372 552
373 553
374 554
375 555
376 556
377 558
378 561
379 562
380 563
381 564
382 565
383 567
384 568
385 569
386 570
387 571
388 573
389 574
390 575
391 576
392 577
393 578
394 579
395 581
396 582
397 584
398 588
399 590
400 591
401 592
402 594
403 595
404 598
405 601
406 603
407 605
408 606
409 607
410 609
411 610
412 611
413 613
414 614
415 616
416 617
417 619
418 620
419 621
420 623
421 624
422 625
423 626
424 627
425 630
426 632
427 633
428 634
429 635
430 637
431 638
432 640
433 641
434 642
435 643
436 644
437 645
438 646
439 649
440 650
441 651
442 653
443 654
444 656
445 657
446 658
447 659
448 660
449 661
450 662
451 664
452 666
453 668
454 669
455 670
456 672
457 675
458 677
459 678
460 679
461 681
462 682
463 684
464 686
465 687
466 689
467 690
468 691
469 692
470 694
471 695
472 696
473 697
474 698
475 699
476 700
477 701
478 705
479 707
480 708
481 709
482 710
483 712
484 714
485 715
486 716
487 717
488 721
489 722
490 723
491 724
492 730
493 731
494 733
495 734
496 736
497 737
498 738
499 739
500 740
501 742
502 743
503 745
504 746
505 747
506 748
507 749
508 750
509 751
510 752
511 754
512 757
513 758
514 759
515 761
516 762
517 763
518 765
519 768
520 770
521 771
522 772
523 773
524 777
525 778
526 779
527 780
528 781
529 783
530 784
531 785
532 786
533 787
534 788
535 789
536 790
537 792
538 793
539 794
540 795
541 796
542 798
543 799
544 801
545 803
546 805
547 806
548 807
549 809
550 810
551 811
552 812
553 813
554 814
555 815
556 816
557 818
558 819
559 820
560 821
561 822
562 823
563 824
564 825
565 826
566 827
567 829
568 830
569 833
570 834
571 835
572 836
573 837
574 838
575 839
576 840
577 841
578 842
579 843
580 844
581 845
582 846
583 848
584 849
585 851
586 852
587 853
588 854
589 855
590 857
591 858
592 861
593 862
594 863
595 864
596 865
597 867
598 869
599 870
600 871
601 872
602 873
603 874
604 876
605 877
606 878
607 880
608 881
609 883
610 884
611 885
612 886
613 889
614 893
615 894
616 896
617 897
618 898
619 899
620 902
621 903
622 904
623 905
624 906
625 907
626 909
627 910
628 911
629 912
630 913
631 915
632 916
633 917
634 918
635 920
636 921
637 922
638 923
639 925
640 926
641 928
642 929
643 933
644 934
645 937
646 938
647 939
648 940
649 941
650 942
651 943
652 946
653 947
654 948
655 949
656 950
657 952
658 953
659 955
660 956
661 957
662 958
663 959
664 961
665 962
666 963
667 965
668 966
669 967
670 969
671 976
672 977
673 978
674 979
675 981
676 982
677 983
678 985
679 986
680 987
681 988
682 989
683 990
684 992
685 993
686 994
687 995
688 997
689 998
690 1001
691 1002
692 1003
693 1004
694 1005
695 1006
696 1008
697 1009
698 1010
699 1011
700 1012
701 1013
702 1014
703 1016
704 1018
705 1019
706 1020
707 1021
708 1022
709 1024
710 1025
711 1026
712 1027
713 1028
714 1029
715 1030
716 1032
717 1033
718 1034
719 1035
720 1037
721 1038
722 1039
723 1040
724 1043
725 1045
726 1047
727 1049
728 1050
729 1051
730 1053
731 1054
732 1056
733 1057
734 1058
735 1059
736 1060
737 1061
738 1062
739 1064
740 1065
741 1066
742 1067
743 1068
744 1072
745 1073
746 1074
747 1076
748 1077
749 1078
750 1080
751 1081
752 1085
753 1086
754 1087
755 1088
756 1089
757 1092
758 1093
759 1094
760 1095
761 1098
762 1099
763 1100
764 1101
765 1102
766 1104
767 1105
768 1109
769 1110
770 1112
771 1113
772 1114
773 1115
774 1116
775 1117
776 1118
777 1119
778 1120
779 1121
780 1122
781 1123
782 1124
783 1126
784 1127
785 1128
786 1129
787 1130
788 1131
789 1132
790 1133
791 1134
792 1137
793 1138
794 1139
795 1140
796 1141
797 1143
798 1145
799 1146
800 1147
801 1149
802 1150
803 1153
804 1154
805 1155
806 1156
807 1157
808 1158
809 1160
810 1163
811 1164
812 1165
813 1167
814 1168
815 1169
816 1170
817 1171
818 1172
819 1174
820 1175
821 1176
822 1177
823 1178
824 1179
825 1181
826 1182
827 1183
828 1184
829 1185
830 1186
831 1189
832 1190
833 1191
834 1193
835 1194
836 1195
837 1196
838 1197
839 1198
840 1200
841 1202
842 1203
843 1204
844 1205
845 1207
846 1209
847 1211
848 1212
849 1213
850 1214
851 1215
852 1217
853 1218
854 1219
855 1220
856 1221
857 1224
858 1226
859 1227
860 1228
861 1229
862 1232
863 1233
864 1235
865 1237
866 1240
867 1241
868 1242
869 1243
870 1245
871 1246
872 1247
873 1248
874 1249
875 1251
876 1252
877 1253
878 1254
879 1255
880 1256
881 1257
882 1260
883 1261
884 1262
885 1263
886 1265
887 1266
888 1268
889 1269
890 1270
891 1272
892 1273
893 1274
894 1275
895 1277
896 1278
897 1281
898 1283
899 1284
900 1286
901 1288
902 1289
903 1290
904 1291
905 1292
906 1293
907 1294
908 1298
909 1299
910 1301
911 1302
912 1303
913 1304
914 1305
915 1307
916 1308
917 1309
918 1310
919 1312
920 1314
921 1316
922 1317
923 1318
924 1319
925 1320
926 1323
927 1326
928 1329
929 1332
930 1333
931 1334
932 1335
933 1336
934 1337
935 1338
936 1339
937 1342
938 1344
939 1345
940 1346
941 1347
942 1348
943 1349
944 1352
945 1353
946 1354
947 1355
948 1357
949 1358
950 1359
951 1360
952 1361
953 1362
954 1363
955 1364
956 1365
957 1366
958 1370
959 1371
960 1372
961 1373
962 1374
963 1376
964 1377
965 1378
966 1379
967 1380
968 1381
969 1382
970 1384
971 1385
972 1386
973 1387
974 1389
975 1390
976 1393
977 1394
978 1395
979 1396
980 1397
981 1398
982 1399
983 1401
984 1402
985 1403
986 1405
987 1406
988 1407
989 1408
990 1409
991 1410
992 1411
993 1412
994 1414
995 1415
996 1416
997 1417
998 1418
999 1419
1000 1420
1001 1422
1002 1424
1003 1425
1004 1426
1005 1427
1006 1428
1007 1429
1008 1430
1009 1431
1010 1433
1011 1434
1012 1435
1013 1437
1014 1438
1015 1440
1016 1441
1017 1442
1018 1443
1019 1445
1020 1446
1021 1449
1022 1450
1023 1452
1024 1454
1025 1455
1026 1456
1027 1459
1028 1461
1029 1462
1030 1463
1031 1465
1032 1466
1033 1467
1034 1469
1035 1470
1036 1471
1037 1473
1038 1474
1039 1475
1040 1477
1041 1480
1042 1481
1043 1482
1044 1483
1045 1484
1046 1485
1047 1486
1048 1487
1049 1488
1050 1489
1051 1490
1052 1491
1053 1492
1054 1493
1055 1494
1056 1496
1057 1497
1058 1498
1059 1499
1060 1501
1061 1504
1062 1505
1063 1506
1064 1507
1065 1508
1066 1509
1067 1510
1068 1513
1069 1514
1070 1515
1071 1518
1072 1520
1073 1522
1074 1523
1075 1524
1076 1525
1077 1527
1078 1528
1079 1529
1080 1531
1081 1533
1082 1534
1083 1535
1084 1536
1085 1537
1086 1538
1087 1540
1088 1542
1089 1544
1090 1545
1091 1546
1092 1547
1093 1548
1094 1550
1095 1551
1096 1552
1097 1553
1098 1555
1099 1556
1100 1557
1101 1560
1102 1561
1103 1562
1104 1563
1105 1564
1106 1565
1107 1566
1108 1568
1109 1569
1110 1570
1111 1571
1112 1573
1113 1574
1114 1575
1115 1576
1116 1577
1117 1578
1118 1580
1119 1581
1120 1582
1121 1583
1122 1585
1123 1587
1124 1589
1125 1590
1126 1592
1127 1593
1128 1594
1129 1597
1130 1598
1131 1599
1132 1601
1133 1602
1134 1603
1135 1604
1136 1605
1137 1606
1138 1608
1139 1609
1140 1610
1141 1612
1142 1613
1143 1614
1144 1615
1145 1616
1146 1618
1147 1619
1148 1620
1149 1622
1150 1624
1151 1625
1152 1626
1153 1627
1154 1629
1155 1630
1156 1632
1157 1633
1158 1634
1159 1635
1160 1636
1161 1637
1162 1639
1163 1640
1164 1641
1165 1642
1166 1643
1167 1644
1168 1645
1169 1646
1170 1648
1171 1649
1172 1650
1173 1651
1174 1652
1175 1653
1176 1654
1177 1656
1178 1657
1179 1658
1180 1659
1181 1660
1182 1661
1183 1662
1184 1667
1185 1669
1186 1670
1187 1671
1188 1672
1189 1673
1190 1674
1191 1676
1192 1677
1193 1678
1194 1680
1195 1681
1196 1682
1197 1683
1198 1684
1199 1685
1200 1686
1201 1687
1202 1688
1203 1689
1204 1690
1205 1691
1206 1693
1207 1696
1208 1697
1209 1698
1210 1699
1211 1702
1212 1704
1213 1705
1214 1706
1215 1707
1216 1708
1217 1709
1218 1710
1219 1711
1220 1714
1221 1715
1222 1716
1223 1717
1224 1718
1225 1721
1226 1722
1227 1723
1228 1725
1229 1726
1230 1730
1231 1731
1232 1732
1233 1733
1234 1734
1235 1737
1236 1738
1237 1739
1238 1740
1239 1741
1240 1742
1241 1743
1242 1745
1243 1746
1244 1747
1245 1748
1246 1749
1247 1752
1248 1753
1249 1754
1250 1757
1251 1758
1252 1760
1253 1761
1254 1764
1255 1765
1256 1766
1257 1767
1258 1768
1259 1769
1260 1770
1261 1771
1262 1772
1263 1773
1264 1774
1265 1776
1266 1778
1267 1779
1268 1780
1269 1781
1270 1782
1271 1784
1272 1785
1273 1786
1274 1787
1275 1789
1276 1790
1277 1791
1278 1793
1279 1794
1280 1795
1281 1796
1282 1798
1283 1800
1284 1801
1285 1802
1286 1803
1287 1804
1288 1805
1289 1806
1290 1808
1291 1809
1292 1810
1293 1811
1294 1813
1295 1814
1296 1815
1297 1816
1298 1817
1299 1819
1300 1820
1301 1821
1302 1822
1303 1823
1304 1824
1305 1825
1306 1826
1307 1827
1308 1828
1309 1829
1310 1830
1311 1831
1312 1832
1313 1834
1314 1835
1315 1837
1316 1838
1317 1839
1318 1841
1319 1842
1320 1843
1321 1845
1322 1846
1323 1847
1324 1848
1325 1849
1326 1850
1327 1851
1328 1852
1329 1853
1330 1856
1331 1857
1332 1858
1333 1859
1334 1860
1335 1861
1336 1862
1337 1864
1338 1866
1339 1868
1340 1869
1341 1870
1342 1871
1343 1872
1344 1875
1345 1877
1346 1878
1347 1879
1348 1880
1349 1881
1350 1884
1351 1885
1352 1886
1353 1890
1354 1891
1355 1892
1356 1893
1357 1894
1358 1895
1359 1896
1360 1897
1361 1898
1362 1899
1363 1900
1364 1901
1365 1904
1366 1905
1367 1906
1368 1907
1369 1909
1370 1910
1371 1911
1372 1912
1373 1914
1374 1915
1375 1917
1376 1918
1377 1920
1378 1921
1379 1922
1380 1923
1381 1924
1382 1925
1383 1927
1384 1928
1385 1929
1386 1930
1387 1932
1388 1933
1389 1934
1390 1935
1391 1937
1392 1938
1393 1939
1394 1940
1395 1942
1396 1945
1397 1946
1398 1947
1399 1948
1400 1949
1401 1950
1402 1952
1403 1953
1404 1954
1405 1955
1406 1956
1407 1957
1408 1958
1409 1961
1410 1962
1411 1963
1412 1965
1413 1967
1414 1968
1415 1969
1416 1970
1417 1973
1418 1974
1419 1975
1420 1976
1421 1977
1422 1979
1423 1981
1424 1982
1425 1983
1426 1984
1427 1985
1428 1986
1429 1987
1430 1989
1431 1991
1432 1992
1433 1993
1434 1995
1435 1996
1436 1998
1437 2002
1438 2003
1439 2004
1440 2005
1441 2008
1442 2010
1443 2011
1444 2012
1445 2013
1446 2014
1447 2016
1448 2018
1449 2019
1450 2021
1451 2022
1452 2023
1453 2024
1454 2025
1455 2026
1456 2030
1457 2031
1458 2032
1459 2033
1460 2034
1461 2035
1462 2037
1463 2038
1464 2040
1465 2041
1466 2042
1467 2045
1468 2046
1469 2047
1470 2048
1471 2050
1472 2051
1473 2052
1474 2054
1475 2056
1476 2057
1477 2058
1478 2059
1479 2060
1480 2061
1481 2063
1482 2064
1483 2065
1484 2066
1485 2067
1486 2069
1487 2070
1488 2072
1489 2073
1490 2074
1491 2075
1492 2077
1493 2078
1494 2080
1495 2082
1496 2083
1497 2084
1498 2085
1499 2086
1500 2087
1501 2088
1502 2089
1503 2090
1504 2091
1505 2093
1506 2094
1507 2095
1508 2096
1509 2099
1510 2100
1511 2101
1512 2102
1513 2103
1514 2106
1515 2107
1516 2108
1517 2109
1518 2110
1519 2112
1520 2113
1521 2114
1522 2115
1523 2117
1524 2118
1525 2120
1526 2121
1527 2122
1528 2123
1529 2124
1530 2125
1531 2126
1532 2127
1533 2128
1534 2129
1535 2130
1536 2131
1537 2134
1538 2136
1539 2137
1540 2138
1541 2139
1542 2140
1543 2142
1544 2144
1545 2145
1546 2146
1547 2147
1548 2149
1549 2151
1550 2152
1551 2153
1552 2154
1553 2155
1554 2156
1555 2157
1556 2158
1557 2159
1558 2162
1559 2163
1560 2164
1561 2165
1562 2166
1563 2170
1564 2171
1565 2173
1566 2174
1567 2175
1568 2176
1569 2177
1570 2178
1571 2180
1572 2182
1573 2183
1574 2185
1575 2187
1576 2189
1577 2190
1578 2191
1579 2192
1580 2194
1581 2199
1582 2201
1583 2202
1584 2203
1585 2206
1586 2207
1587 2208
1588 2210
1589 2211
1590 2212
1591 2213
1592 2216
1593 2217
1594 2218
1595 2220
1596 2221
1597 2222
1598 2225
1599 2226
1600 2227
1601 2229
1602 2230
1603 2233
1604 2234
1605 2236
1606 2237
1607 2238
1608 2239
1609 2241
1610 2242
1611 2243
1612 2244
1613 2245
1614 2246
1615 2248
1616 2249
1617 2250
1618 2251
1619 2252
1620 2254
1621 2255
1622 2256
1623 2258
1624 2261
1625 2262
1626 2263
1627 2265
1628 2266
1629 2267
1630 2268
1631 2269
1632 2270
1633 2271
1634 2272
1635 2273
1636 2274
1637 2275
1638 2276
1639 2277
1640 2278
1641 2279
1642 2280
1643 2281
1644 2282
1645 2283
1646 2284
1647 2285
1648 2289
1649 2290
1650 2291
1651 2292
1652 2293
1653 2294
1654 2295
1655 2296
1656 2297
1657 2298
1658 2299
1659 2300
1660 2301
1661 2302
1662 2304
1663 2306
1664 2307
1665 2308
1666 2309
1667 2310
1668 2311
1669 2313
1670 2314
1671 2315
1672 2316
1673 2317
1674 2319
1675 2320
1676 2322
1677 2323
1678 2324
1679 2325
1680 2326
1681 2327
1682 2328
1683 2329
1684 2331
1685 2333
1686 2334
1687 2335
1688 2336
1689 2337
1690 2338
1691 2339
1692 2341
1693 2342
1694 2343
1695 2345
1696 2346
1697 2347
1698 2348
1699 2349
1700 2354
1701 2355
1702 2356
1703 2358
1704 2359
1705 2361
1706 2362
1707 2363
1708 2364
1709 2365
1710 2368
1711 2369
1712 2371
1713 2373
1714 2374
1715 2376
1716 2377
1717 2378
1718 2379
1719 2380
1720 2381
1721 2382
1722 2384
1723 2385
1724 2386
1725 2387
1726 2388
1727 2389
1728 2390
1729 2392
1730 2393
1731 2394
1732 2395
1733 2396
1734 2397
1735 2398
1736 2399
1737 2401
1738 2402
1739 2404
1740 2405
1741 2406
1742 2407
1743 2408
1744 2409
1745 2410
1746 2411
1747 2412
1748 2417
1749 2418
1750 2419
1751 2421
1752 2422
1753 2423
1754 2424
1755 2425
1756 2426
1757 2427
1758 2428
1759 2429
1760 2430
1761 2432
1762 2433
1763 2434
1764 2435
1765 2436
1766 2437
1767 2438
1768 2439
1769 2441
1770 2442
1771 2443
1772 2444
1773 2445
1774 2446
1775 2449
1776 2450
1777 2451
1778 2452
1779 2453
1780 2454
1781 2456
1782 2457
1783 2458
1784 2459
1785 2460
1786 2461
1787 2462
1788 2463
1789 2464
1790 2465
1791 2466
1792 2467
1793 2469
1794 2470
1795 2471
1796 2473
1797 2476
1798 2477
1799 2478
1800 2479
1801 2480
1802 2481
1803 2482
1804 2483
1805 2486
1806 2487
1807 2489
1808 2490
1809 2491
1810 2493
1811 2494
1812 2495
1813 2497
1814 2498
1815 2499
1816 2501
1817 2502
1818 2504
1819 2505
1820 2506
1821 2507
1822 2508
1823 2509
1824 2510
1825 2511
1826 2513
1827 2514
1828 2516
1829 2517
1830 2518
1831 2520
1832 2521
1833 2523
1834 2525
1835 2526
1836 2528
1837 2529
1838 2530
1839 2532
1840 2533
1841 2535
1842 2536
1843 2538
1844 2539
1845 2540
1846 2541
1847 2542
1848 2543
1849 2544
1850 2545
1851 2546
1852 2547
1853 2549
1854 2550
1855 2551
1856 2552
1857 2553
1858 2554
1859 2555
1860 2558
1861 2559
1862 2561
1863 2562
1864 2564
1865 2565
1866 2567
1867 2568
1868 2569
1869 2570
1870 2571
1871 2572
1872 2573
1873 2574
1874 2576
1875 2577
1876 2578
1877 2579
1878 2580
1879 2581
1880 2582
1881 2584
1882 2585
1883 2586
1884 2587
1885 2589
1886 2590
1887 2592
1888 2593
1889 2594
1890 2595
1891 2596
1892 2597
1893 2598
1894 2599
1895 2602
1896 2603
1897 2604
1898 2605
1899 2606
1900 2607
1901 2608
1902 2610
1903 2611
1904 2612
1905 2613
1906 2614
1907 2615
1908 2616
1909 2617
1910 2618
1911 2619
1912 2620
1913 2621
1914 2622
1915 2624
1916 2625
1917 2626
1918 2627
1919 2628
1920 2630
1921 2632
1922 2633
1923 2635
1924 2638
1925 2639
1926 2640
1927 2641
1928 2642
1929 2643
1930 2645
1931 2648
1932 2649
1933 2650
1934 2651
1935 2654
1936 2655
1937 2656
1938 2657
1939 2658
1940 2659
1941 2662
1942 2665
1943 2666
1944 2667
1945 2668
1946 2669
1947 2670
1948 2672
1949 2674
1950 2676
1951 2677
1952 2678
1953 2679
1954 2681
1955 2682
1956 2683
1957 2684
1958 2685
1959 2686
1960 2687
1961 2688
1962 2689
1963 2690
1964 2691
1965 2693
1966 2694
1967 2697
1968 2698
1969 2702
1970 2703
1971 2705
1972 2706
1973 2707
1974 2709
1975 2710
1976 2711
1977 2712
1978 2713
1979 2714
1980 2715
1981 2716
1982 2717
1983 2718
1984 2720
1985 2721
1986 2722
1987 2723
1988 2724
1989 2726
1990 2729
1991 2730
1992 2731
1993 2732
1994 2733
1995 2734
1996 2736
1997 2737
1998 2738
1999 2739
2000 2741
2001 2742
2002 2745
2003 2746
2004 2747
2005 2748
2006 2749
2007 2752
2008 2753
2009 2754
2010 2755
2011 2756
2012 2757
2013 2759
2014 2760
2015 2761
2016 2762
2017 2765
2018 2766
2019 2767
2020 2768
2021 2769
2022 2770
2023 2771
2024 2773
2025 2774
2026 2776
2027 2777
2028 2779
2029 2781
2030 2782
2031 2784
2032 2785
2033 2786
2034 2787
2035 2788
2036 2789
2037 2790
2038 2792
2039 2793
2040 2794
2041 2795
2042 2796
2043 2798
2044 2801
2045 2802
2046 2803
2047 2804
2048 2805
2049 2806
2050 2808
2051 2809
2052 2810
2053 2811
2054 2812
2055 2814
2056 2817
2057 2818
2058 2819
2059 2820
2060 2821
2061 2822
2062 2824
2063 2826
2064 2827
2065 2828
2066 2829
2067 2830
2068 2831
2069 2832
2070 2833
2071 2835
2072 2836
2073 2837
2074 2838
2075 2840
2076 2841
2077 2842
2078 2843
2079 2845
2080 2847
2081 2848
2082 2849
2083 2850
2084 2851
2085 2853
2086 2854
2087 2855
2088 2857
2089 2858
2090 2859
2091 2860
2092 2863
2093 2865
2094 2866
2095 2867
2096 2868
2097 2869
2098 2870
2099 2873
2100 2874
2101 2876
2102 2877
2103 2878
2104 2881
2105 2883
2106 2885
2107 2886
2108 2887
2109 2889
2110 2892
2111 2893
2112 2894
2113 2896
2114 2898
2115 2899
2116 2900
2117 2901
2118 2902
2119 2903
2120 2905
2121 2906
2122 2907
2123 2909
2124 2910
2125 2911
2126 2913
2127 2914
2128 2915
2129 2917
2130 2918
2131 2919
2132 2920
2133 2921
2134 2922
2135 2923
2136 2924
2137 2925
2138 2926
2139 2927
2140 2928
2141 2929
2142 2930
2143 2931
2144 2932
2145 2933
2146 2936
2147 2937
2148 2938
2149 2939
2150 2941
2151 2942
2152 2943
2153 2944
2154 2945
2155 2946
2156 2947
2157 2948
2158 2949
2159 2952
2160 2954
2161 2955
2162 2956
2163 2957
2164 2958
2165 2960
2166 2961
2167 2962
2168 2963
2169 2964
2170 2965
2171 2966
2172 2968
2173 2969
2174 2970
2175 2971
2176 2972
2177 2973
2178 2974
2179 2976
2180 2978
2181 2979
2182 2980
2183 2981
2184 2982
2185 2983
2186 2984
2187 2985
2188 2986
2189 2987
2190 2988
2191 2989
2192 2990
2193 2992
2194 2993
2195 2994
2196 2995
2197 2996
2198 2997
2199 2998
2200 2999
2201 3000
2202 3001
2203 3002
2204 3003
2205 3004
2206 3005
2207 3006
2208 3009
2209 3010
2210 3011
2211 3012
2212 3013
2213 3016
2214 3017
2215 3018
2216 3019
2217 3021
2218 3022
2219 3024
2220 3025
2221 3026
2222 3027
2223 3028
2224 3029
2225 3030
2226 3031
2227 3032
2228 3033
2229 3034
2230 3035
2231 3036
2232 3037
2233 3040
2234 3041
2235 3043
2236 3044
2237 3045
2238 3046
2239 3048
2240 3049
2241 3050
2242 3052
2243 3053
2244 3054
2245 3055
2246 3056
2247 3057
2248 3058
2249 3059
2250 3060
2251 3061
2252 3062
2253 3065
2254 3066
2255 3067
2256 3069
2257 3070
2258 3074
2259 3075
2260 3076
2261 3077
2262 3078
2263 3082
2264 3083
2265 3084
2266 3085
2267 3088
2268 3089
2269 3090
2270 3091
2271 3092
2272 3093
2273 3094
2274 3095
2275 3097
2276 3099
2277 3101
2278 3102
2279 3104
2280 3105
2281 3106
2282 3107
2283 3108
2284 3109
2285 3110
2286 3112
2287 3113
2288 3114
2289 3115
2290 3116
2291 3117
2292 3118
2293 3120
2294 3121
2295 3122
2296 3123
2297 3124
2298 3125
2299 3126
2300 3127
2301 3130
2302 3131
2303 3132
2304 3133
2305 3134
2306 3137
2307 3139
2308 3140
2309 3141
2310 3143
2311 3144
2312 3145
2313 3146
2314 3147
2315 3148
2316 3151
2317 3152
2318 3153
2319 3154
2320 3155
2321 3156
2322 3157
2323 3158
2324 3160
2325 3161
2326 3162
2327 3163
2328 3164
2329 3165
2330 3166
2331 3168
2332 3169
2333 3170
2334 3171
2335 3172
2336 3173
2337 3174
2338 3175
2339 3178
2340 3180
2341 3181
2342 3182
2343 3185
2344 3186
2345 3187
2346 3188
2347 3189
2348 3190
2349 3191
2350 3192
2351 3193
2352 3194
2353 3195
2354 3197
2355 3198
2356 3200
2357 3201
2358 3202
2359 3203
2360 3205
2361 3207
2362 3208
2363 3209
2364 3210
2365 3211
2366 3212
2367 3213
2368 3214
2369 3216
2370 3217
2371 3218
2372 3219
2373 3220
2374 3221
2375 3223
2376 3224
2377 3225
2378 3226
2379 3227
2380 3228
2381 3229
2382 3230
2383 3233
2384 3234
2385 3235
2386 3236
2387 3237
2388 3238
2389 3241
2390 3242
2391 3243
2392 3244
2393 3245
2394 3246
2395 3247
2396 3248
2397 3249
2398 3250
2399 3251
2400 3253
2401 3257
2402 3258
2403 3260
2404 3261
2405 3262
2406 3263
2407 3264
2408 3265
2409 3267
2410 3269
2411 3270
2412 3272
2413 3273
2414 3276
2415 3277
2416 3278
2417 3279
2418 3280
2419 3281
2420 3282
2421 3283
2422 3285
2423 3286
2424 3287
2425 3288
2426 3289
2427 3290
2428 3291
2429 3292
2430 3293
2431 3295
2432 3296
2433 3297
2434 3298
2435 3300
2436 3301
2437 3302
2438 3303
2439 3305
2440 3306
2441 3307
2442 3308
2443 3309
2444 3310
2445 3314
2446 3315
2447 3316
2448 3317
2449 3318
2450 3319
2451 3320
2452 3321
2453 3322
2454 3323
2455 3324
2456 3325
2457 3327
2458 3328
2459 3329
2460 3330
2461 3333
2462 3335
2463 3336
2464 3337
2465 3338
2466 3340
2467 3341
2468 3342
2469 3344
2470 3345
2471 3346
2472 3347
2473 3348
2474 3349
2475 3351
2476 3352
2477 3353
2478 3354
2479 3355
2480 3356
2481 3357
2482 3358
2483 3360
2484 3361
2485 3362
2486 3363
2487 3365
2488 3368
2489 3369
2490 3370
2491 3372
2492 3373
2493 3377
2494 3379
2495 3380
2496 3381
2497 3382
2498 3384
2499 3386
2500 3387
2501 3389
2502 3390
2503 3394
2504 3395
2505 3396
2506 3397
2507 3398
2508 3399
2509 3400
2510 3401
2511 3402
2512 3403
2513 3406
2514 3408
2515 3409
2516 3410
2517 3411
2518 3412
2519 3413
2520 3414
2521 3416
2522 3418
2523 3419
2524 3421
2525 3422
2526 3424
2527 3425
2528 3426
2529 3427
2530 3428
2531 3429
2532 3430
2533 3432
2534 3433
2535 3434
2536 3435
2537 3436
2538 3437
2539 3438
2540 3439
2541 3440
2542 3441
2543 3442
2544 3443
2545 3445
2546 3446
2547 3447
2548 3448
2549 3449
2550 3450
2551 3451
2552 3452
2553 3453
2554 3454
2555 3457
2556 3458
2557 3459
2558 3461
2559 3462
2560 3463
2561 3464
2562 3465
2563 3466
2564 3468
2565 3470
2566 3472
2567 3473
2568 3474
2569 3475
2570 3477
2571 3478
2572 3480
2573 3481
2574 3482
2575 3486
2576 3487
2577 3488
2578 3489
2579 3490
2580 3491
2581 3492
2582 3493
2583 3494
2584 3496
2585 3497
2586 3498
2587 3499
2588 3500
2589 3501
2590 3502
2591 3503
2592 3504
2593 3505
2594 3506
2595 3507
2596 3508
2597 3510
2598 3512
2599 3513
2600 3514
2601 3515
2602 3516
2603 3519
2604 3521
2605 3522
2606 3523
2607 3524
2608 3529
2609 3530
2610 3531
2611 3533
2612 3534
2613 3535
2614 3536
2615 3538
2616 3539
2617 3540
2618 3541
2619 3542
2620 3543
2621 3545
2622 3546
2623 3548
2624 3549
2625 3551
2626 3552
2627 3555
2628 3556
2629 3557
2630 3558
2631 3559
2632 3561
2633 3562
2634 3563
2635 3565
2636 3566
2637 3568
2638 3569
2639 3570
2640 3571
2641 3572
2642 3573
2643 3574
2644 3575
2645 3576
2646 3577
2647 3578
2648 3579
2649 3580
2650 3581
2651 3582
2652 3585
2653 3586
2654 3587
2655 3588
2656 3589
2657 3590
2658 3593
2659 3594
2660 3595
2661 3596
2662 3597
2663 3598
2664 3601
2665 3602
2666 3603
2667 3605
2668 3606
2669 3608
2670 3611
2671 3613
2672 3614
2673 3616
2674 3618
2675 3619
2676 3620
2677 3621
2678 3622
2679 3624
2680 3625
2681 3626
2682 3627
2683 3628
2684 3629
2685 3630
2686 3632
2687 3633
2688 3634
2689 3635
2690 3637
2691 3638
2692 3640
2693 3641
2694 3642
2695 3643
2696 3645
2697 3646
2698 3647
2699 3648
2700 3649
2701 3650
2702 3651
2703 3654
2704 3656
2705 3657
2706 3658
2707 3659
2708 3660
2709 3661
2710 3662
2711 3664
2712 3666
2713 3668
2714 3669
2715 3670
2716 3673
2717 3675
2718 3677
2719 3678
2720 3680
2721 3681
2722 3682
2723 3684
2724 3685
2725 3686
2726 3687
2727 3689
2728 3690
2729 3691
2730 3692
2731 3693
2732 3694
2733 3695
2734 3697
2735 3698
2736 3699
2737 3701
2738 3702
2739 3704
2740 3705
2741 3706
2742 3707
2743 3710
2744 3711
2745 3712
2746 3713
2747 3715
2748 3718
2749 3719
2750 3720
2751 3721
2752 3724
2753 3725
2754 3726
2755 3728
2756 3729
2757 3730
2758 3731
2759 3732
2760 3733
2761 3734
2762 3736
2763 3737
2764 3739
2765 3741
2766 3742
2767 3745
2768 3746
2769 3747
2770 3748
2771 3749
2772 3751
2773 3752
2774 3753
2775 3754
2776 3755
2777 3756
2778 3758
2779 3760
2780 3761
2781 3762
2782 3763
2783 3764
2784 3765
2785 3766
2786 3767
2787 3769
2788 3771
2789 3773
2790 3774
2791 3776
2792 3777
2793 3779
2794 3780
2795 3781
2796 3782
2797 3783
2798 3784
2799 3786
2800 3787
2801 3788
2802 3789
2803 3790
2804 3791
2805 3792
2806 3793
2807 3794
2808 3795
2809 3797
2810 3798
2811 3801
2812 3802
2813 3803
2814 3804
2815 3805
2816 3806
2817 3808
2818 3809
2819 3810
2820 3811
2821 3812
2822 3813
2823 3814
2824 3815
2825 3816
2826 3817
2827 3818
2828 3819
2829 3820
2830 3821
2831 3822
2832 3823
2833 3825
2834 3826
2835 3827
2836 3828
2837 3829
2838 3830
2839 3831
2840 3832
2841 3833
2842 3835
2843 3836
2844 3837
2845 3838
2846 3839
2847 3841
2848 3842
2849 3843
2850 3844
2851 3845
2852 3846
2853 3847
2854 3848
2855 3849
2856 3850
2857 3851
2858 3852
2859 3853
2860 3854
2861 3855
2862 3856
2863 3857
2864 3858
2865 3859
2866 3860
2867 3862
2868 3864
2869 3865
2870 3866
2871 3867
2872 3869
2873 3872
2874 3873
2875 3874
2876 3875
2877 3877
2878 3878
2879 3879
2880 3881
2881 3883
2882 3884
2883 3885
2884 3888
2885 3890
2886 3891
2887 3892
2888 3893
2889 3894
2890 3895
2891 3898
2892 3899
2893 3901
2894 3902
2895 3903
2896 3905
2897 3906
2898 3907
2899 3908
2900 3909
2901 3910
2902 3911
2903 3912
2904 3913
2905 3914
2906 3916
2907 3918
2908 3919
2909 3920
2910 3921
2911 3922
2912 3923
2913 3925
2914 3926
2915 3928
2916 3929
2917 3930
2918 3931
2919 3934
2920 3935
2921 3936
2922 3937
2923 3938
2924 3939
2925 3942
2926 3944
2927 3945
2928 3946
2929 3947
2930 3948
2931 3949
2932 3950
2933 3951
2934 3953
2935 3954
2936 3955
2937 3957
2938 3958
2939 3962
2940 3963
2941 3964
2942 3965
2943 3968
2944 3969
2945 3970
2946 3971
2947 3972
2948 3973
2949 3974
2950 3976
2951 3977
2952 3978
2953 3979
2954 3980
2955 3981
2956 3982
2957 3984
2958 3985
2959 3986
2960 3987
2961 3988
2962 3989
2963 3990
2964 3991
2965 3992
2966 3993
2967 3994
2968 3995
2969 3998
2970 3999
2971 4000
2972 4001
2973 4002
2974 4003
2975 4004
2976 4005
2977 4006
2978 4007
2979 4008
2980 4009
2981 4011
2982 4012
2983 4014
2984 4016
2985 4017
2986 4019
2987 4020
2988 4021
2989 4024
2990 4025
2991 4026
2992 4027
2993 4028
2994 4029
2995 4030
2996 4033
2997 4034
2998 4035
2999 4036
3000 4037
3001 4038
3002 4039
3003 4040
3004 4041
3005 4042
3006 4043
3007 4044
3008 4045
3009 4046
3010 4048
3011 4049
3012 4051
3013 4052
3014 4053
3015 4054
3016 4055
3017 4056
3018 4057
3019 4059
3020 4061
3021 4062
3022 4063
3023 4064
3024 4065
3025 4069
3026 4070
3027 4073
3028 4074
3029 4075
3030 4076
3031 4078
3032 4079
3033 4081
3034 4082
3035 4083
3036 4084
3037 4085
3038 4086
3039 4088
3040 4089
3041 4090
3042 4091
3043 4093
3044 4097
3045 4098
3046 4101
3047 4102
3048 4105
3049 4107
3050 4109
3051 4110
3052 4111
3053 4112
3054 4113
3055 4114
3056 4116
3057 4117
3058 4118
3059 4119
3060 4121
3061 4122
3062 4123
3063 4124
3064 4125
3065 4126
3066 4127
3067 4128
3068 4130
3069 4131
3070 4133
3071 4134
3072 4135
3073 4136
3074 4137
3075 4138
3076 4139
3077 4140
3078 4141
3079 4142
3080 4144
3081 4145
3082 4146
3083 4147
3084 4148
3085 4150
3086 4152
3087 4153
3088 4154
3089 4157
3090 4158
3091 4159
3092 4160
3093 4161
3094 4162
3095 4163
3096 4165
3097 4166
3098 4167
3099 4169
3100 4170
3101 4171
3102 4172
3103 4173
3104 4174
3105 4175
3106 4177
3107 4178
3108 4179
3109 4180
3110 4181
3111 4182
3112 4185
3113 4186
3114 4187
3115 4188
3116 4189
3117 4190
3118 4192
3119 4193
3120 4194
3121 4195
3122 4196
3123 4198
3124 4200
3125 4202
3126 4203
3127 4204
3128 4205
3129 4206
3130 4208
3131 4209
3132 4210
3133 4211
3134 4212
3135 4213
3136 4214
3137 4215
3138 4216
3139 4217
3140 4218
3141 4219
3142 4221
3143 4222
3144 4224
3145 4226
3146 4227
3147 4228
3148 4229
3149 4230
3150 4231
3151 4233
3152 4234
3153 4235
3154 4236
3155 4238
3156 4239
3157 4240
3158 4241
3159 4242
3160 4243
3161 4244
3162 4245
3163 4249
3164 4250
3165 4251
3166 4252
3167 4254
3168 4255
3169 4256
3170 4257
3171 4259
3172 4260
3173 4261
3174 4262
3175 4264
3176 4266
3177 4267
3178 4269
3179 4270
3180 4271
3181 4272
3182 4273
3183 4274
3184 4275
3185 4277
3186 4278
3187 4280
3188 4281
3189 4282
3190 4283
3191 4284
3192 4286
3193 4287
3194 4289
3195 4290
3196 4291
3197 4293
3198 4294
3199 4295
3200 4296
3201 4297
3202 4298
3203 4299
3204 4300
3205 4301
3206 4302
3207 4304
3208 4305
3209 4306
3210 4308
3211 4310
3212 4312
3213 4313
3214 4314
3215 4315
3216 4317
3217 4318
3218 4319
3219 4320
3220 4321
3221 4322
3222 4323
3223 4325
3224 4326
3225 4327
3226 4328
3227 4329
3228 4330
3229 4332
3230 4334
3231 4336
3232 4338
3233 4339
3234 4341
3235 4342
3236 4343
3237 4344
3238 4345
3239 4346
3240 4348
3241 4349
3242 4350
3243 4352
3244 4353
3245 4354
3246 4355
3247 4356
3248 4357
3249 4358
3250 4360
3251 4362
3252 4363
3253 4364
3254 4366
3255 4367
3256 4368
3257 4369
3258 4370
3259 4371
3260 4372
3261 4373
3262 4374
3263 4375
3264 4376
3265 4377
3266 4378
3267 4379
3268 4380
3269 4381
3270 4382
3271 4383
3272 4385
3273 4386
3274 4387
3275 4390
3276 4391
3277 4394
3278 4395
3279 4397
3280 4398
3281 4399
3282 4401
3283 4402
3284 4403
3285 4404
3286 4406
3287 4408
3288 4409
3289 4410
3290 4411
3291 4412
3292 4413
3293 4414
3294 4416
3295 4417
3296 4418
3297 4419
3298 4420
3299 4421
3300 4422
3301 4425
3302 4426
3303 4427
3304 4430
3305 4432
3306 4433
3307 4434
3308 4435
3309 4436
3310 4439
3311 4440
3312 4441
3313 4442
3314 4443
3315 4444
3316 4445
3317 4446
3318 4448
3319 4449
3320 4450
3321 4451
3322 4452
3323 4453
3324 4454
3325 4455
3326 4456
3327 4460
3328 4461
3329 4462
3330 4465
3331 4466
3332 4467
3333 4468
3334 4469
3335 4470
3336 4471
3337 4473
3338 4474
3339 4475
3340 4476
3341 4478
3342 4480
3343 4481
3344 4482
3345 4483
3346 4484
3347 4485
3348 4486
3349 4488
3350 4489
3351 4490
3352 4491
3353 4492
3354 4493
3355 4494
3356 4495
3357 4496
3358 4497
3359 4498
3360 4499
3361 4501
3362 4502
3363 4503
3364 4504
3365 4505
3366 4506
3367 4507
3368 4509
3369 4511
3370 4512
3371 4514
3372 4515
3373 4516
3374 4517
3375 4518
3376 4520
3377 4521
3378 4522
3379 4523
3380 4524
3381 4525
3382 4526
3383 4527
3384 4529
3385 4530
3386 4531
3387 4532
3388 4534
3389 4537
3390 4538
3391 4539
3392 4540
3393 4541
3394 4542
3395 4543
3396 4545
3397 4546
3398 4547
3399 4548
3400 4549
3401 4550
3402 4551
3403 4553
3404 4556
3405 4557
3406 4558
3407 4560
3408 4565
3409 4566
3410 4567
3411 4569
3412 4570
3413 4572
3414 4573
3415 4574
3416 4575
3417 4576
3418 4577
3419 4578
3420 4579
3421 4581
3422 4582
3423 4584
3424 4585
3425 4586
3426 4587
3427 4588
3428 4592
3429 4593
3430 4594
3431 4595
3432 4596
3433 4597
3434 4601
3435 4602
3436 4603
3437 4605
3438 4606
3439 4609
3440 4610
3441 4611
3442 4612
3443 4613
3444 4614
3445 4615
3446 4616
3447 4618
3448 4619
3449 4620
3450 4621
3451 4622
3452 4623
3453 4625
3454 4626
3455 4627
3456 4628
3457 4629
3458 4630
3459 4633
3460 4634
3461 4635
3462 4638
3463 4639
3464 4640
3465 4641
3466 4642
3467 4643
3468 4644
3469 4645
3470 4646
3471 4647
3472 4648
3473 4649
3474 4651
3475 4652
3476 4653
3477 4654
3478 4655
3479 4656
3480 4658
3481 4659
3482 4660
3483 4661
3484 4662
3485 4663
3486 4664
3487 4665
3488 4666
3489 4667
3490 4668
3491 4669
3492 4670
3493 4671
3494 4672
3495 4673
3496 4674
3497 4677
3498 4678
3499 4679
3500 4680
3501 4681
3502 4682
3503 4683
3504 4684
3505 4685
3506 4686
3507 4687
3508 4690
3509 4691
3510 4692
3511 4693
3512 4694
3513 4697
3514 4698
3515 4699
3516 4700
3517 4701
3518 4702
3519 4703
3520 4704
3521 4705
3522 4706
3523 4707
3524 4709
3525 4710
3526 4711
3527 4712
3528 4713
3529 4714
3530 4715
3531 4716
3532 4718
3533 4720
3534 4721
3535 4722
3536 4723
3537 4724
3538 4725
3539 4726
3540 4727
3541 4728
3542 4729
3543 4730
3544 4731
3545 4733
3546 4734
3547 4735
3548 4738
3549 4739
3550 4740
3551 4741
3552 4742
3553 4745
3554 4746
3555 4747
3556 4749
3557 4750
3558 4752
3559 4754
3560 4755
3561 4756
3562 4757
3563 4758
3564 4759
3565 4760
3566 4761
3567 4762
3568 4763
3569 4764
3570 4765
3571 4766
3572 4767
3573 4768
3574 4770
3575 4773
3576 4774
3577 4775
3578 4776
3579 4777
3580 4780
3581 4781
3582 4782
3583 4783
3584 4784
3585 4785
3586 4786
3587 4787
3588 4788
3589 4790
3590 4793
3591 4794
3592 4795
3593 4796
3594 4797
3595 4798
3596 4800
3597 4802
3598 4803
3599 4804
3600 4805
3601 4806
3602 4810
3603 4811
3604 4812
3605 4815
3606 4816
3607 4817
3608 4818
3609 4819
3610 4820
3611 4821
3612 4822
3613 4823
3614 4824
3615 4825
3616 4826
3617 4828
3618 4829
3619 4830
3620 4831
3621 4833
3622 4835
3623 4836
3624 4837
3625 4838
3626 4839
3627 4840
3628 4841
3629 4842
3630 4843
3631 4844
3632 4845
3633 4846
3634 4847
3635 4848
3636 4851
3637 4852
3638 4853
3639 4854
3640 4855
3641 4856
3642 4858
3643 4859
3644 4860
3645 4861
3646 4862
3647 4863
3648 4865
3649 4866
3650 4867
3651 4868
3652 4869
3653 4870
3654 4873
3655 4874
3656 4875
3657 4876
3658 4880
3659 4881
3660 4882
3661 4883
3662 4884
3663 4885
3664 4887
3665 4889
3666 4890
3667 4891
3668 4893
3669 4894
3670 4895
3671 4896
3672 4898
3673 4899
3674 4900
3675 4901
3676 4902
3677 4903
3678 4907
3679 4908
3680 4910
3681 4914
3682 4915
3683 4916
3684 4917
3685 4918
3686 4921
3687 4922
3688 4926
3689 4927
3690 4928
3691 4929
3692 4930
3693 4931
3694 4933
3695 4934
3696 4935
3697 4936
3698 4937
3699 4938
3700 4939
3701 4940
3702 4941
3703 4943
3704 4944
3705 4945
3706 4946
3707 4947
3708 4948
3709 4950
3710 4952
3711 4953
3712 4954
3713 4955
3714 4957
3715 4958
3716 4959
3717 4960
3718 4962
3719 4963
3720 4964
3721 4965
3722 4966
3723 4968
3724 4969
3725 4970
3726 4971
3727 4972
3728 4973
3729 4974
3730 4976
3731 4977
3732 4979
3733 4980
3734 4981
3735 4982
3736 4984
3737 4985
3738 4987
3739 4989
3740 4990
3741 4992
3742 4993
3743 4994
3744 4995
3745 4996
3746 4997
3747 4998
3748 4999
3749 5000
3750 5001
3751 5002
3752 5003
3753 5004
3754 5005
3755 5007
3756 5008
3757 5009
3758 5011
3759 5012
3760 5013
3761 5014
3762 5015
3763 5017
3764 5018
3765 5019
3766 5020
3767 5024
3768 5025
3769 5026
3770 5027
3771 5028
3772 5029
3773 5033
3774 5034
3775 5037
3776 5038
3777 5041
3778 5043
3779 5045
3780 5046
3781 5049
3782 5050
3783 5053
3784 5054
3785 5057
3786 5058
3787 5059
3788 5060
3789 5061
3790 5062
3791 5063
3792 5064
3793 5065
3794 5066
3795 5067
3796 5069
3797 5070
3798 5071
3799 5072
3800 5073
3801 5074
3802 5077
3803 5078
3804 5080
3805 5081
3806 5082
3807 5083
3808 5085
3809 5086
3810 5087
3811 5088
3812 5089
3813 5090
3814 5091
3815 5092
3816 5093
3817 5094
3818 5097
3819 5098
3820 5099
3821 5100
3822 5101
3823 5102
3824 5104
3825 5105
3826 5106
3827 5107
3828 5108
3829 5109
3830 5110
3831 5112
3832 5113
3833 5114
3834 5115
3835 5116
3836 5117
3837 5118
3838 5119
3839 5120
3840 5122
3841 5123
3842 5124
3843 5125
3844 5126
3845 5127
3846 5128
3847 5129
3848 5130
3849 5131
3850 5132
3851 5133
3852 5134
3853 5135
3854 5136
3855 5137
3856 5138
3857 5139
3858 5141
3859 5144
3860 5145
3861 5146
3862 5147
3863 5148
3864 5149
3865 5150
3866 5151
3867 5152
3868 5153
3869 5154
3870 5155
3871 5157
3872 5158
3873 5159
3874 5160
3875 5161
3876 5162
3877 5163
3878 5164
3879 5166
3880 5167
3881 5168
3882 5169
3883 5170
3884 5171
3885 5173
3886 5174
3887 5176
3888 5177
3889 5179
3890 5180
3891 5181
3892 5182
3893 5183
3894 5185
3895 5186
3896 5187
3897 5188
3898 5189
3899 5190
3900 5192
3901 5193
3902 5194
3903 5195
3904 5196
3905 5197
3906 5198
3907 5199
3908 5200
3909 5201
3910 5203
3911 5204
3912 5205
3913 5206
3914 5208
3915 5209
3916 5210
3917 5211
3918 5213
3919 5214
3920 5215
3921 5216
3922 5217
3923 5218
3924 5219
3925 5220
3926 5222
3927 5223
3928 5224
3929 5225
3930 5226
3931 5229
3932 5230
3933 5231
3934 5232
3935 5233
3936 5234
3937 5235
3938 5237
3939 5238
3940 5240
3941 5241
3942 5242
3943 5243
3944 5244
3945 5245
3946 5246
3947 5248
3948 5249
3949 5250
3950 5251
3951 5252
3952 5253
3953 5254
3954 5257
3955 5258
3956 5260
3957 5261
3958 5262
3959 5263
3960 5266
3961 5267
3962 5268
3963 5269
3964 5270
3965 5271
3966 5272
3967 5273
3968 5274
3969 5275
3970 5277
3971 5279
3972 5280
3973 5281
3974 5282
3975 5285
3976 5286
3977 5287
3978 5288
3979 5289
3980 5290
3981 5294
3982 5295
3983 5297
3984 5298
3985 5299
3986 5301
3987 5302
3988 5304
3989 5305
3990 5306
3991 5307
3992 5308
3993 5309
3994 5313
3995 5314
3996 5315
3997 5316
3998 5317
3999 5318
4000 5321
4001 5322
4002 5323
4003 5324
4004 5325
4005 5326
4006 5328
4007 5330
4008 5331
4009 5332
4010 5333
4011 5334
4012 5335
4013 5336
4014 5337
4015 5339
4016 5340
4017 5341
4018 5342
4019 5343
4020 5344
4021 5347
4022 5349
4023 5350
4024 5351
4025 5352
4026 5353
4027 5354
4028 5355
4029 5357
4030 5358
4031 5359
4032 5361
4033 5362
4034 5363
4035 5365
4036 5366
4037 5367
4038 5368
4039 5369
4040 5370
4041 5371
4042 5372
4043 5373
4044 5374
4045 5375
4046 5376
4047 5377
4048 5378
4049 5379
4050 5380
4051 5381
4052 5382
4053 5383
4054 5384
4055 5386
4056 5387
4057 5388
4058 5390
4059 5392
4060 5393
4061 5394
4062 5395
4063 5396
4064 5397
4065 5398
4066 5400
4067 5401
4068 5402
4069 5403
4070 5404
4071 5405
4072 5406
4073 5407
4074 5408
4075 5409
4076 5410
4077 5411
4078 5412
4079 5413
4080 5414
4081 5416
4082 5418
4083 5419
4084 5420
4085 5421
4086 5422
4087 5423
4088 5425
4089 5426
4090 5427
4091 5428
4092 5429
4093 5430
4094 5431
4095 5433
4096 5434
4097 5435
4098 5438
4099 5440
4100 5441
4101 5442
4102 5445
4103 5449
4104 5450
4105 5451
4106 5452
4107 5453
4108 5454
4109 5456
4110 5457
4111 5458
4112 5459
4113 5460
4114 5461
4115 5462
4116 5463
4117 5465
4118 5466
4119 5467
4120 5468
4121 5469
4122 5470
4123 5472
4124 5473
4125 5474
4126 5475
4127 5477
4128 5478
4129 5479
4130 5480
4131 5481
4132 5482
4133 5483
4134 5484
4135 5485
4136 5486
4137 5488
4138 5489
4139 5491
4140 5492
4141 5493
4142 5494
4143 5496
4144 5497
4145 5498
4146 5499
4147 5501
4148 5502
4149 5504
4150 5505
4151 5506
4152 5507
4153 5509
4154 5510
4155 5511
4156 5512
4157 5513
4158 5515
4159 5516
4160 5517
4161 5518
4162 5519
4163 5520
4164 5521
4165 5524
4166 5525
4167 5526
4168 5528
4169 5529
4170 5530
4171 5531
4172 5532
4173 5533
4174 5534
4175 5536
4176 5537
4177 5538
4178 5541
4179 5542
4180 5544
4181 5545
4182 5547
4183 5549
4184 5550
4185 5551
4186 5552
4187 5553
4188 5554
4189 5556
4190 5557
4191 5558
4192 5559
4193 5560
4194 5561
4195 5562
4196 5564
4197 5565
4198 5566
4199 5567
4200 5569
4201 5571
4202 5572
4203 5573
4204 5575
4205 5577
4206 5578
4207 5579
4208 5580
4209 5581
4210 5582
4211 5583
4212 5584
4213 5585
4214 5586
4215 5587
4216 5589
4217 5590
4218 5592
4219 5593
4220 5594
4221 5595
4222 5596
4223 5597
4224 5598
4225 5600
4226 5601
4227 5602
4228 5603
4229 5604
4230 5605
4231 5608
4232 5609
4233 5610
4234 5611
4235 5612
4236 5614
4237 5615
4238 5617
4239 5618
4240 5619
4241 5621
4242 5622
4243 5623
4244 5624
4245 5627
4246 5628
4247 5629
4248 5630
4249 5631
4250 5632
4251 5633
4252 5637
4253 5638
4254 5640
4255 5641
4256 5642
4257 5643
4258 5644
4259 5645
4260 5646
4261 5647
4262 5648
4263 5649
4264 5651
4265 5652
4266 5653
4267 5654
4268 5655
4269 5656
4270 5657
4271 5658
4272 5659
4273 5662
4274 5664
4275 5665
4276 5666
4277 5667
4278 5668
4279 5669
4280 5670
4281 5671
4282 5672
4283 5673
4284 5674
4285 5675
4286 5676
4287 5678
4288 5679
4289 5680
4290 5681
4291 5682
4292 5683
4293 5685
4294 5686
4295 5687
4296 5689
4297 5690
4298 5691
4299 5692
4300 5693
4301 5694
4302 5697
4303 5698
4304 5699
4305 5700
4306 5701
4307 5702
4308 5704
4309 5705
4310 5706
4311 5707
4312 5708
4313 5710
4314 5712
4315 5713
4316 5714
4317 5715
4318 5716
4319 5717
4320 5718
4321 5719
4322 5720
4323 5721
4324 5722
4325 5723
4326 5726
4327 5727
4328 5728
4329 5729
4330 5730
4331 5731
4332 5733
4333 5734
4334 5735
4335 5736
4336 5737
4337 5738
4338 5739
4339 5740
4340 5741
4341 5743
4342 5745
4343 5746
4344 5747
4345 5749
4346 5750
4347 5752
4348 5753
4349 5754
4350 5755
4351 5756
4352 5757
4353 5758
4354 5760
4355 5761
4356 5762
4357 5763
4358 5764
4359 5765
4360 5769
4361 5771
4362 5772
4363 5773
4364 5774
4365 5775
4366 5776
4367 5777
4368 5778
4369 5779
4370 5781
4371 5782
4372 5784
4373 5785
4374 5786
4375 5787
4376 5789
4377 5790
4378 5792
4379 5793
4380 5794
4381 5795
4382 5798
4383 5799
4384 5801
4385 5802
4386 5803
4387 5804
4388 5805
4389 5806
4390 5808
4391 5810
4392 5811
4393 5812
4394 5813
4395 5814
4396 5817
4397 5818
4398 5819
4399 5820
4400 5821
4401 5822
4402 5825
4403 5826
4404 5827
4405 5829
4406 5830
4407 5833
4408 5834
4409 5836
4410 5837
4411 5838
4412 5839
4413 5840
4414 5841
4415 5843
4416 5844
4417 5845
4418 5846
4419 5847
4420 5848
4421 5849
4422 5851
4423 5853
4424 5855
4425 5857
4426 5858
4427 5860
4428 5862
4429 5863
4430 5864
4431 5865
4432 5866
4433 5867
4434 5868
4435 5869
4436 5870
4437 5871
4438 5873
4439 5874
4440 5875
4441 5876
4442 5877
4443 5878
4444 5879
4445 5880
4446 5881
4447 5882
4448 5883
4449 5886
4450 5888
4451 5889
4452 5890
4453 5891
4454 5892
4455 5894
4456 5895
4457 5896
4458 5899
4459 5900
4460 5901
4461 5902
4462 5904
4463 5905
4464 5906
4465 5907
4466 5908
4467 5909
4468 5910
4469 5911
4470 5913
4471 5916
4472 5917
4473 5918
4474 5921
4475 5922
4476 5923
4477 5924
4478 5925
4479 5927
4480 5929
4481 5930
4482 5931
4483 5932
4484 5933
4485 5934
4486 5935
4487 5936
4488 5937
4489 5938
4490 5939
4491 5940
4492 5942
4493 5943
4494 5944
4495 5945
4496 5946
4497 5947
4498 5949
4499 5951
4500 5952
4501 5953
4502 5954
4503 5955
4504 5956
4505 5957
4506 5960
4507 5961
4508 5962
4509 5963
4510 5964
4511 5965
4512 5966
4513 5968
4514 5969
4515 5970
4516 5971
4517 5972
4518 5973
4519 5974
4520 5976
4521 5977
4522 5978
4523 5979
4524 5980
4525 5981
4526 5982
4527 5984
4528 5985
4529 5986
4530 5987
4531 5988
4532 5989
4533 5990
4534 5992
4535 5995
4536 5996
4537 5997
4538 5998
4539 5999
4540 6000
4541 6001
4542 6002
4543 6003
4544 6005
4545 6006
4546 6007
4547 6009
4548 6010
4549 6013
4550 6014
4551 6015
4552 6016
4553 6017
4554 6019
4555 6020
4556 6022
4557 6023
4558 6025
4559 6026
4560 6027
4561 6028
4562 6029
4563 6030
4564 6032
4565 6033
4566 6034
4567 6035
4568 6036
4569 6037
4570 6038
4571 6039
4572 6040
4573 6041
4574 6042
4575 6043
4576 6044
4577 6045
4578 6046
4579 6049
4580 6050
4581 6051
4582 6052
4583 6053
4584 6054
4585 6055
4586 6056
4587 6057
4588 6058
4589 6059
4590 6060
4591 6061
4592 6062
4593 6063
4594 6065
4595 6068
4596 6069
4597 6070
4598 6071
4599 6072
4600 6077
4601 6078
4602 6079
4603 6082
4604 6084
4605 6085
4606 6086
4607 6087
4608 6088
4609 6089
4610 6090
4611 6091
4612 6092
4613 6094
4614 6095
4615 6096
4616 6097
4617 6098
4618 6099
4619 6101
4620 6104
4621 6105
4622 6106
4623 6107
4624 6109
4625 6110
4626 6111
4627 6112
4628 6113
4629 6114
4630 6115
4631 6116
4632 6117
4633 6118
4634 6119
4635 6121
4636 6122
4637 6123
4638 6124
4639 6126
4640 6128
4641 6129
4642 6131
4643 6133
4644 6134
4645 6135
4646 6136
4647 6137
4648 6138
4649 6139
4650 6140
4651 6141
4652 6142
4653 6144
4654 6145
4655 6146
4656 6147
4657 6148
4658 6149
4659 6150
4660 6152
4661 6153
4662 6154
4663 6155
4664 6156
4665 6158
4666 6160
4667 6161
4668 6162
4669 6163
4670 6165
4671 6166
4672 6168
4673 6169
4674 6170
4675 6171
4676 6172
4677 6173
4678 6175
4679 6176
4680 6177
4681 6178
4682 6179
4683 6181
4684 6182
4685 6184
4686 6185
4687 6186
4688 6187
4689 6188
4690 6189
4691 6190
4692 6191
4693 6192
4694 6193
4695 6194
4696 6195
4697 6196
4698 6197
4699 6198
4700 6202
4701 6203
4702 6204
4703 6205
4704 6206
4705 6207
4706 6208
4707 6209
4708 6210
4709 6211
4710 6212
4711 6213
4712 6215
4713 6217
4714 6218
4715 6219
4716 6220
4717 6221
4718 6222
4719 6224
4720 6225
4721 6226
4722 6229
4723 6230
4724 6231
4725 6232
4726 6233
4727 6235
4728 6237
4729 6239
4730 6240
4731 6241
4732 6242
4733 6243
4734 6244
4735 6245
4736 6246
4737 6247
4738 6248
4739 6249
4740 6250
4741 6251
4742 6252
4743 6253
4744 6254
4745 6256
4746 6257
4747 6258
4748 6259
4749 6260
4750 6261
4751 6265
4752 6266
4753 6267
4754 6268
4755 6269
4756 6270
4757 6271
4758 6272
4759 6273
4760 6274
4761 6275
4762 6276
4763 6277
4764 6278
4765 6279
4766 6280
4767 6281
4768 6282
4769 6285
4770 6286
4771 6287
4772 6288
4773 6289
4774 6293
4775 6294
4776 6295
4777 6297
4778 6298
4779 6299
4780 6300
4781 6302
4782 6303
4783 6304
4784 6305
4785 6306
4786 6307
4787 6308
4788 6309
4789 6310
4790 6311
4791 6312
4792 6313
4793 6314
4794 6315
4795 6316
4796 6318
4797 6321
4798 6322
4799 6323
4800 6324
4801 6325
4802 6326
4803 6328
4804 6329
4805 6331
4806 6332
4807 6333
4808 6334
4809 6335
4810 6336
4811 6337
4812 6338
4813 6339
4814 6341
4815 6343
4816 6344
4817 6346
4818 6348
4819 6350
4820 6351
4821 6352
4822 6354
4823 6355
4824 6357
4825 6358
4826 6359
4827 6360
4828 6361
4829 6362
4830 6363
4831 6364
4832 6365
4833 6366
4834 6367
4835 6368
4836 6370
4837 6371
4838 6372
4839 6373
4840 6374
4841 6376
4842 6377
4843 6378
4844 6379
4845 6380
4846 6381
4847 6383
4848 6384
4849 6385
4850 6386
4851 6387
4852 6388
4853 6389
4854 6390
4855 6392
4856 6393
4857 6395
4858 6396
4859 6397
4860 6398
4861 6399
4862 6401
4863 6402
4864 6403
4865 6404
4866 6405
4867 6406
4868 6408
4869 6410
4870 6411
4871 6413
4872 6414
4873 6416
4874 6417
4875 6420
4876 6422
4877 6424
4878 6425
4879 6426
4880 6427
4881 6429
4882 6430
4883 6431
4884 6432
4885 6434
4886 6435
4887 6436
4888 6437
4889 6438
4890 6439
4891 6440
4892 6441
4893 6442
4894 6443
4895 6445
4896 6446
4897 6448
4898 6449
4899 6450
4900 6451
4901 6453
4902 6454
4903 6455
4904 6456
4905 6457
4906 6461
4907 6462
4908 6464
4909 6465
4910 6466
4911 6467
4912 6468
4913 6469
4914 6470
4915 6471
4916 6473
4917 6475
4918 6476
4919 6477
4920 6478
4921 6480
4922 6481
4923 6482
4924 6483
4925 6484
4926 6485
4927 6486
4928 6487
4929 6489
4930 6490
4931 6491
4932 6492
4933 6493
4934 6494
4935 6495
4936 6496
4937 6497
4938 6499
4939 6501
4940 6502
4941 6504
4942 6505
4943 6506
4944 6507
4945 6508
4946 6509
4947 6510
4948 6511
4949 6512
4950 6513
4951 6514
4952 6515
4953 6516
4954 6517
4955 6518
4956 6519
4957 6520
4958 6521
4959 6522
4960 6523
4961 6525
4962 6526
4963 6527
4964 6528
4965 6529
4966 6530
4967 6531
4968 6532
4969 6533
4970 6534
4971 6536
4972 6537
4973 6538
4974 6539
4975 6540
4976 6541
4977 6544
4978 6545
4979 6546
4980 6547
4981 6548
4982 6549
4983 6550
4984 6554
4985 6555
4986 6558
4987 6559
4988 6560
4989 6561
4990 6562
4991 6563
4992 6564
4993 6565
4994 6566
4995 6567
4996 6568
4997 6571
4998 6572
4999 6573
5000 6574
5001 6575
5002 6577
5003 6578
5004 6579
5005 6580
5006 6581
5007 6582
5008 6583
5009 6584
5010 6585
5011 6586
5012 6587
5013 6588
5014 6589
5015 6590
5016 6591
5017 6592
5018 6593
5019 6594
5020 6595
5021 6597
5022 6598
5023 6601
5024 6602
5025 6604
5026 6605
5027 6606
5028 6608
5029 6609
5030 6610
5031 6611
5032 6612
5033 6613
5034 6614
5035 6615
5036 6616
5037 6617
5038 6618
5039 6620
5040 6621
5041 6622
5042 6623
5043 6624
5044 6625
5045 6627
5046 6629
5047 6630
5048 6633
5049 6636
5050 6637
5051 6638
5052 6639
5053 6640
5054 6642
5055 6643
5056 6644
5057 6645
5058 6646
5059 6647
5060 6648
5061 6649
5062 6650
5063 6651
5064 6653
5065 6654
5066 6655
5067 6658
5068 6659
5069 6661
5070 6662
5071 6665
5072 6666
5073 6667
5074 6668
5075 6669
5076 6670
5077 6671
5078 6672
5079 6673
5080 6674
5081 6675
5082 6676
5083 6677
5084 6678
5085 6680
5086 6681
5087 6682
5088 6683
5089 6684
5090 6685
5091 6686
5092 6688
5093 6689
5094 6692
5095 6693
5096 6694
5097 6697
5098 6698
5099 6699
5100 6701
5101 6702
5102 6705
5103 6706
5104 6707
5105 6708
5106 6709
5107 6710
5108 6711
5109 6712
5110 6713
5111 6714
5112 6716
5113 6717
5114 6718
5115 6719
5116 6720
5117 6721
5118 6722
5119 6723
5120 6725
5121 6726
5122 6727
5123 6728
5124 6729
5125 6730
5126 6731
5127 6732
5128 6733
5129 6734
5130 6736
5131 6737
5132 6739
5133 6740
5134 6741
5135 6742
5136 6743
5137 6744
5138 6745
5139 6746
5140 6747
5141 6750
5142 6751
5143 6752
5144 6753
5145 6754
5146 6755
5147 6757
5148 6758
5149 6762
5150 6763
5151 6764
5152 6765
5153 6766
5154 6770
5155 6771
5156 6772
5157 6773
5158 6774
5159 6776
5160 6777
5161 6779
5162 6780
5163 6781
5164 6782
5165 6783
5166 6785
5167 6786
5168 6787
5169 6788
5170 6790
5171 6791
5172 6792
5173 6793
5174 6794
5175 6796
5176 6797
5177 6798
5178 6799
5179 6800
5180 6801
5181 6802
5182 6803
5183 6805
5184 6806
5185 6807
5186 6808
5187 6809
5188 6811
5189 6812
5190 6813
5191 6814
5192 6815
5193 6816
5194 6817
5195 6818
5196 6819
5197 6820
5198 6821
5199 6822
5200 6824
5201 6825
5202 6826
5203 6827
5204 6828
5205 6830
5206 6831
5207 6832
5208 6833
5209 6835
5210 6837
5211 6839
5212 6840
5213 6841
5214 6842
5215 6845
5216 6846
5217 6849
5218 6851
5219 6852
5220 6853
5221 6854
5222 6856
5223 6857
5224 6861
5225 6863
5226 6864
5227 6865
5228 6866
5229 6867
5230 6868
5231 6869
5232 6870
5233 6871
5234 6872
5235 6873
5236 6874
5237 6875
5238 6876
5239 6877
5240 6880
5241 6881
5242 6882
5243 6883
5244 6884
5245 6886
5246 6887
5247 6888
5248 6889
5249 6890
5250 6891
5251 6892
5252 6893
5253 6894
5254 6895
5255 6896
5256 6897
5257 6898
5258 6899
5259 6900
5260 6901
5261 6902
5262 6903
5263 6905
5264 6906
5265 6907
5266 6909
5267 6910
5268 6912
5269 6915
5270 6916
5271 6917
5272 6918
5273 6919
5274 6921
5275 6922
5276 6923
5277 6924
5278 6925
5279 6926
5280 6928
5281 6929
5282 6930
5283 6931
5284 6932
5285 6933
5286 6934
5287 6936
5288 6937
5289 6938
5290 6940
5291 6941
5292 6942
5293 6944
5294 6945
5295 6946
5296 6947
5297 6948
5298 6949
5299 6950
5300 6951
5301 6952
5302 6953
5303 6954
5304 6955
5305 6956
5306 6958
5307 6959
5308 6960
5309 6961
5310 6962
5311 6964
5312 6966
5313 6968
5314 6969
5315 6970
5316 6971
5317 6973
5318 6974
5319 6975
5320 6977
5321 6978
5322 6979
5323 6980
5324 6981
5325 6982
5326 6984
5327 6985
5328 6986
5329 6987
5330 6988
5331 6989
5332 6991
5333 6992
5334 6993
5335 6994
5336 6995
5337 6996
5338 6997
5339 7000
5340 7001
5341 7002
5342 7003
5343 7004
5344 7005
5345 7006
5346 7008
5347 7009
5348 7010
5349 7011
5350 7012
5351 7013
5352 7014
5353 7015
5354 7016
5355 7017
5356 7018
5357 7019
5358 7021
5359 7022
5360 7023
5361 7024
5362 7026
5363 7027
5364 7028
5365 7029
5366 7030
5367 7031
5368 7032
5369 7033
5370 7034
5371 7035
5372 7036
5373 7038
5374 7040
5375 7041
5376 7042
5377 7043
5378 7044
5379 7045
5380 7046
5381 7047
5382 7049
5383 7050
5384 7051
5385 7053
5386 7054
5387 7056
5388 7057
5389 7058
5390 7059
5391 7060
5392 7061
5393 7064
5394 7065
5395 7066
5396 7067
5397 7069
5398 7070
5399 7071
5400 7072
5401 7073
5402 7074
5403 7076
5404 7077
5405 7078
5406 7079
5407 7080
5408 7081
5409 7083
5410 7084
5411 7085
5412 7086
5413 7087
5414 7088
5415 7090
5416 7091
5417 7092
5418 7094
5419 7095
5420 7096
5421 7097
5422 7098
5423 7099
5424 7101
5425 7103
5426 7104
5427 7105
5428 7106
5429 7107
5430 7108
5431 7110
5432 7112
5433 7113
5434 7114
5435 7115
5436 7116
5437 7117
5438 7118
5439 7120
5440 7121
5441 7122
5442 7123
5443 7124
5444 7125
5445 7127
5446 7129
5447 7130
5448 7131
5449 7132
5450 7133
5451 7134
5452 7135
5453 7136
5454 7137
5455 7138
5456 7140
5457 7141
5458 7142
5459 7143
5460 7144
5461 7147
5462 7148
5463 7149
5464 7150
5465 7152
5466 7153
5467 7155
5468 7156
5469 7157
5470 7158
5471 7160
5472 7162
5473 7163
5474 7164
5475 7165
5476 7166
5477 7169
5478 7170
5479 7171
5480 7173
5481 7175
5482 7176
5483 7177
5484 7178
5485 7179
5486 7180
5487 7181
5488 7182
5489 7183
5490 7184
5491 7185
5492 7186
5493 7187
5494 7189
5495 7190
5496 7192
5497 7193
5498 7194
5499 7196
5500 7197
5501 7198
5502 7199
5503 7200
5504 7201
5505 7203
5506 7205
5507 7206
5508 7208
5509 7209
5510 7210
5511 7212
5512 7213
5513 7215
5514 7217
5515 7218
5516 7219
5517 7220
5518 7221
5519 7222
5520 7224
5521 7225
5522 7226
5523 7227
5524 7229
5525 7231
5526 7232
5527 7233
5528 7234
5529 7235
5530 7237
5531 7238
5532 7239
5533 7240
5534 7241
5535 7242
5536 7243
5537 7244
5538 7245
5539 7246
5540 7247
5541 7248
5542 7249
5543 7250
5544 7251
5545 7252
5546 7253
5547 7255
5548 7256
5549 7257
5550 7258
5551 7259
5552 7260
5553 7261
5554 7264
5555 7266
5556 7268
5557 7269
5558 7270
5559 7273
5560 7274
5561 7275
5562 7276
5563 7277
5564 7278
5565 7280
5566 7281
5567 7282
5568 7283
5569 7285
5570 7286
5571 7287
5572 7288
5573 7289
5574 7290
5575 7292
5576 7293
5577 7294
5578 7295
5579 7296
5580 7297
5581 7298
5582 7299
5583 7300
5584 7301
5585 7302
5586 7303
5587 7304
5588 7305
5589 7306
5590 7307
5591 7308
5592 7309
5593 7310
5594 7312
5595 7313
5596 7314
5597 7315
5598 7316
5599 7317
5600 7318
5601 7319
5602 7320
5603 7321
5604 7322
5605 7323
5606 7328
5607 7329
5608 7330
5609 7331
5610 7332
5611 7333
5612 7334
5613 7337
5614 7338
5615 7339
5616 7340
5617 7341
5618 7342
5619 7345
5620 7346
5621 7347
5622 7349
5623 7350
5624 7352
5625 7353
5626 7355
5627 7357
5628 7358
5629 7359
5630 7360
5631 7361
5632 7363
5633 7364
5634 7365
5635 7366
5636 7367
5637 7368
5638 7369
5639 7370
5640 7371
5641 7372
5642 7373
5643 7374
5644 7377
5645 7378
5646 7379
5647 7380
5648 7381
5649 7382
5650 7384
5651 7385
5652 7386
5653 7387
5654 7388
5655 7390
5656 7391
5657 7392
5658 7393
5659 7394
5660 7395
5661 7396
5662 7397
5663 7398
5664 7401
5665 7402
5666 7403
5667 7404
5668 7405
5669 7407
5670 7408
5671 7409
5672 7410
5673 7411
5674 7413
5675 7414
5676 7415
5677 7416
5678 7418
5679 7419
5680 7420
5681 7421
5682 7422
5683 7423
5684 7426
5685 7427
5686 7428
5687 7429
5688 7430
5689 7432
5690 7433
5691 7434
5692 7435
5693 7437
5694 7438
5695 7439
5696 7440
5697 7441
5698 7442
5699 7443
5700 7444
5701 7445
5702 7446
5703 7448
5704 7449
5705 7450
5706 7451
5707 7453
5708 7454
5709 7455
5710 7456
5711 7457
5712 7458
5713 7459
5714 7460
5715 7461
5716 7462
5717 7463
5718 7464
5719 7465
5720 7466
5721 7467
5722 7468
5723 7469
5724 7470
5725 7472
5726 7473
5727 7474
5728 7475
5729 7476
5730 7477
5731 7478
5732 7480
5733 7481
5734 7482
5735 7483
5736 7484
5737 7485
5738 7486
5739 7488
5740 7490
5741 7491
5742 7493
5743 7494
5744 7495
5745 7496
5746 7498
5747 7500
5748 7502
5749 7503
5750 7504
5751 7505
5752 7506
5753 7507
5754 7509
5755 7510
5756 7511
5757 7513
5758 7514
5759 7515
5760 7517
5761 7518
5762 7519
5763 7520
5764 7521
5765 7523
5766 7526
5767 7528
5768 7529
5769 7530
5770 7532
5771 7533
5772 7534
5773 7535
5774 7536
5775 7537
5776 7539
5777 7540
5778 7541
5779 7542
5780 7544
5781 7545
5782 7547
5783 7548
5784 7549
5785 7550
5786 7553
5787 7554
5788 7555
5789 7556
5790 7557
5791 7558
5792 7560
5793 7561
5794 7562
5795 7563
5796 7565
5797 7566
5798 7567
5799 7568
5800 7569
5801 7570
5802 7571
5803 7572
5804 7573
5805 7574
5806 7575
5807 7577
5808 7578
5809 7579
5810 7581
5811 7582
5812 7584
5813 7585
5814 7586
5815 7588
5816 7589
5817 7591
5818 7592
5819 7593
5820 7594
5821 7595
5822 7596
5823 7597
5824 7598
5825 7599
5826 7601
5827 7602
5828 7603
5829 7605
5830 7606
5831 7608
5832 7609
5833 7610
5834 7611
5835 7612
5836 7613
5837 7614
5838 7616
5839 7617
5840 7618
5841 7619
5842 7621
5843 7622
5844 7624
5845 7626
5846 7627
5847 7628
5848 7629
5849 7630
5850 7631
5851 7632
5852 7634
5853 7635
5854 7636
5855 7638
5856 7640
5857 7641
5858 7642
5859 7643
5860 7644
5861 7645
5862 7646
5863 7647
5864 7648
5865 7649
5866 7650
5867 7651
5868 7652
5869 7653
5870 7654
5871 7657
5872 7658
5873 7659
5874 7660
5875 7662
5876 7663
5877 7664
5878 7665
5879 7666
5880 7667
5881 7668
5882 7669
5883 7671
5884 7672
5885 7673
5886 7674
5887 7675
5888 7677
5889 7680
5890 7681
5891 7682
5892 7684
5893 7686
5894 7687
5895 7688
5896 7689
5897 7690
5898 7691
5899 7692
5900 7694
5901 7696
5902 7697
5903 7698
5904 7699
5905 7700
5906 7701
5907 7702
5908 7703
5909 7705
5910 7706
5911 7707
5912 7708
5913 7709
5914 7710
5915 7712
5916 7714
5917 7715
5918 7716
5919 7717
5920 7718
5921 7719
5922 7720
5923 7721
5924 7722
5925 7724
5926 7725
5927 7726
5928 7727
5929 7728
5930 7729
5931 7730
5932 7731
5933 7733
5934 7734
5935 7735
5936 7736
5937 7737
5938 7738
5939 7739
5940 7741
5941 7742
5942 7743
5943 7745
5944 7746
5945 7747
5946 7749
5947 7750
5948 7751
5949 7752
5950 7753
5951 7754
5952 7755
5953 7756
5954 7757
5955 7758
5956 7760
5957 7761
5958 7762
5959 7763
5960 7764
5961 7765
5962 7766
5963 7767
5964 7768
5965 7769
5966 7770
5967 7771
5968 7773
5969 7774
5970 7777
5971 7778
5972 7779
5973 7780
5974 7781
5975 7782
5976 7784
5977 7785
5978 7787
5979 7788
5980 7789
5981 7792
5982 7794
5983 7796
5984 7797
5985 7798
5986 7799
5987 7800
5988 7801
5989 7803
5990 7805
5991 7806
5992 7807
5993 7808
5994 7809
5995 7810
5996 7812
5997 7813
5998 7814
5999 7815
6000 7816
6001 7818
6002 7819
6003 7820
6004 7821
6005 7822
6006 7823
6007 7824
6008 7825
6009 7826
6010 7827
6011 7828
6012 7829
6013 7832
6014 7833
6015 7834
6016 7835
6017 7836
6018 7837
6019 7838
6020 7840
6021 7841
6022 7842
6023 7843
6024 7844
6025 7845
6026 7846
6027 7848
6028 7849
6029 7850
6030 7851
6031 7852
6032 7853
6033 7854
6034 7855
6035 7857
6036 7858
6037 7859
6038 7860
6039 7861
6040 7862
6041 7863
6042 7864
6043 7865
6044 7866
6045 7867
6046 7869
6047 7870
6048 7871
6049 7872
6050 7873
6051 7874
6052 7875
6053 7876
6054 7877
6055 7878
6056 7880
6057 7882
6058 7883
6059 7884
6060 7885
6061 7886
6062 7888
6063 7889
6064 7890
6065 7891
6066 7893
6067 7894
6068 7896
6069 7897
6070 7898
6071 7899
6072 7901
6073 7902
6074 7903
6075 7904
6076 7905
6077 7907
6078 7908
6079 7909
6080 7910
6081 7913
6082 7914
6083 7915
6084 7916
6085 7917
6086 7918
6087 7920
6088 7921
6089 7922
6090 7923
6091 7924
6092 7925
6093 7926
6094 7927
6095 7929
6096 7930
6097 7931
6098 7933
6099 7934
6100 7937
6101 7939
6102 7940
6103 7941
6104 7943
6105 7945
6106 7946
6107 7947
6108 7948
6109 7949
6110 7950
6111 7953
6112 7954
6113 7955
6114 7958
6115 7959
6116 7960
6117 7961
6118 7962
6119 7963
6120 7966
6121 7967
6122 7968
6123 7969
6124 7970
6125 7973
6126 7974
6127 7976
6128 7978
6129 7979
6130 7980
6131 7981
6132 7982
6133 7985
6134 7986
6135 7987
6136 7988
6137 7989
6138 7990
6139 7992
6140 7993
6141 7994
6142 7995
6143 7997
6144 7998
6145 8001
6146 8002
6147 8003
6148 8004
6149 8006
6150 8007
6151 8008
6152 8009
6153 8010
6154 8011
6155 8012
6156 8013
6157 8014
6158 8015
6159 8016
6160 8017
6161 8018
6162 8020
6163 8021
6164 8022
6165 8023
6166 8024
6167 8025
6168 8026
6169 8027
6170 8029
6171 8030
6172 8031
6173 8032
6174 8033
6175 8034
6176 8035
6177 8037
6178 8038
6179 8040
6180 8041
6181 8043
6182 8044
6183 8045
6184 8046
6185 8049
6186 8050
6187 8051
6188 8052
6189 8053
6190 8054
6191 8055
6192 8057
6193 8058
6194 8059
6195 8060
6196 8061
6197 8062
6198 8065
6199 8066
6200 8067
6201 8068
6202 8069
6203 8070
6204 8072
6205 8073
6206 8074
6207 8076
6208 8077
6209 8078
6210 8079
6211 8080
6212 8081
6213 8083
6214 8084
6215 8085
6216 8086
6217 8087
6218 8089
6219 8090
6220 8091
6221 8092
6222 8093
6223 8094
6224 8095
6225 8096
6226 8097
6227 8098
6228 8099
6229 8100
6230 8101
6231 8102
6232 8103
6233 8106
6234 8107
6235 8108
6236 8109
6237 8114
6238 8115
6239 8116
6240 8117
6241 8118
6242 8121
6243 8122
6244 8124
6245 8125
6246 8126
6247 8127
6248 8129
6249 8130
6250 8131
6251 8132
6252 8133
6253 8135
6254 8136
6255 8137
6256 8139
6257 8140
6258 8141
6259 8142
6260 8143
6261 8144
6262 8145
6263 8146
6264 8147
6265 8149
6266 8150
6267 8151
6268 8154
6269 8155
6270 8156
6271 8157
6272 8158
6273 8159
6274 8160
6275 8161
6276 8162
6277 8163
6278 8164
6279 8165
6280 8166
6281 8168
6282 8169
6283 8170
6284 8171
6285 8173
6286 8174
6287 8175
6288 8177
6289 8178
6290 8179
6291 8183
6292 8184
6293 8185
6294 8186
6295 8187
6296 8189
6297 8190
6298 8193
6299 8194
6300 8195
6301 8196
6302 8197
6303 8200
6304 8201
6305 8202
6306 8203
6307 8204
6308 8205
6309 8206
6310 8207
6311 8208
6312 8209
6313 8210
6314 8211
6315 8212
6316 8213
6317 8214
6318 8215
6319 8219
6320 8220
6321 8221
6322 8222
6323 8223
6324 8224
6325 8225
6326 8226
6327 8227
6328 8228
6329 8230
6330 8232
6331 8233
6332 8235
6333 8236
6334 8238
6335 8239
6336 8242
6337 8244
6338 8245
6339 8246
6340 8248
6341 8249
6342 8250
6343 8251
6344 8253
6345 8254
6346 8255
6347 8256
6348 8257
6349 8258
6350 8259
6351 8262
6352 8264
6353 8265
6354 8266
6355 8267
6356 8268
6357 8269
6358 8270
6359 8271
6360 8273
6361 8274
6362 8275
6363 8276
6364 8277
6365 8278
6366 8280
6367 8281
6368 8282
6369 8283
6370 8285
6371 8286
6372 8288
6373 8289
6374 8290
6375 8291
6376 8292
6377 8293
6378 8294
6379 8295
6380 8296
6381 8297
6382 8298
6383 8299
6384 8301
6385 8302
6386 8303
6387 8305
6388 8306
6389 8307
6390 8308
6391 8309
6392 8310
6393 8311
6394 8312
6395 8313
6396 8314
6397 8315
6398 8316
6399 8317
6400 8318
6401 8319
6402 8320
6403 8321
6404 8322
6405 8325
6406 8326
6407 8327
6408 8329
6409 8330
6410 8331
6411 8332
6412 8333
6413 8336
6414 8337
6415 8338
6416 8339
6417 8340
6418 8341
6419 8343
6420 8345
6421 8346
6422 8347
6423 8349
6424 8350
6425 8352
6426 8353
6427 8354
6428 8355
6429 8356
6430 8357
6431 8358
6432 8359
6433 8362
6434 8363
6435 8364
6436 8365
6437 8366
6438 8367
6439 8368
6440 8370
6441 8371
6442 8372
6443 8373
6444 8374
6445 8376
6446 8377
6447 8378
6448 8379
6449 8382
6450 8383
6451 8384
6452 8385
6453 8386
6454 8387
6455 8389
6456 8390
6457 8391
6458 8392
6459 8393
6460 8394
6461 8395
6462 8396
6463 8397
6464 8398
6465 8399
6466 8401
6467 8402
6468 8403
6469 8404
6470 8406
6471 8407
6472 8408
6473 8409
6474 8410
6475 8411
6476 8412
6477 8413
6478 8414
6479 8415
6480 8417
6481 8418
6482 8421
6483 8422
6484 8424
6485 8425
6486 8427
6487 8429
6488 8430
6489 8431
6490 8433
6491 8436
6492 8437
6493 8438
6494 8440
6495 8442
6496 8443
6497 8444
6498 8445
6499 8448
6500 8449
6501 8450
6502 8451
6503 8452
6504 8453
6505 8454
6506 8456
6507 8457
6508 8458
6509 8459
6510 8460
6511 8461
6512 8462
6513 8463
6514 8464
6515 8465
6516 8466
6517 8467
6518 8469
6519 8470
6520 8471
6521 8472
6522 8473
6523 8474
6524 8476
6525 8478
6526 8479
6527 8480
6528 8481
6529 8482
6530 8483
6531 8484
6532 8485
6533 8486
6534 8487
6535 8489
6536 8490
6537 8491
6538 8492
6539 8493
6540 8494
6541 8497
6542 8498
6543 8499
6544 8501
6545 8502
6546 8503
6547 8505
6548 8507
6549 8508
6550 8509
6551 8510
6552 8511
6553 8512
6554 8514
6555 8515
6556 8516
6557 8517
6558 8518
6559 8519
6560 8520
6561 8521
6562 8522
6563 8523
6564 8524
6565 8525
6566 8526
6567 8527
6568 8528
6569 8529
6570 8530
6571 8531
6572 8533
6573 8534
6574 8535
6575 8536
6576 8537
6577 8538
6578 8539
6579 8540
6580 8541
6581 8542
6582 8543
6583 8544
6584 8545
6585 8547
6586 8548
6587 8549
6588 8550
6589 8553
6590 8554
6591 8555
6592 8556
6593 8557
6594 8558
6595 8559
6596 8560
6597 8561
6598 8562
6599 8563
6600 8564
6601 8565
6602 8566
6603 8568
6604 8570
6605 8571
6606 8572
6607 8573
6608 8574
6609 8575
6610 8576
6611 8577
6612 8578
6613 8579
6614 8580
6615 8581
6616 8582
6617 8583
6618 8584
6619 8586
6620 8587
6621 8588
6622 8589
6623 8590
6624 8591
6625 8592
6626 8593
6627 8594
6628 8595
6629 8596
6630 8597
6631 8598
6632 8599
6633 8600
6634 8601
6635 8602
6636 8603
6637 8604
6638 8605
6639 8606
6640 8607
6641 8608
6642 8609
6643 8610
6644 8611
6645 8612
6646 8613
6647 8614
6648 8615
6649 8616
6650 8617
6651 8618
6652 8619
6653 8620
6654 8621
6655 8622
6656 8625
6657 8626
6658 8627
6659 8629
6660 8632
6661 8633
6662 8634
6663 8635
6664 8637
6665 8638
6666 8639
6667 8641
6668 8642
6669 8643
6670 8644
6671 8645
6672 8646
6673 8648
6674 8649
6675 8651
6676 8652
6677 8653
6678 8654
6679 8655
6680 8656
6681 8657
6682 8659
6683 8660
6684 8661
6685 8662
6686 8663
6687 8664
6688 8665
6689 8666
6690 8667
6691 8669
6692 8670
6693 8671
6694 8672
6695 8673
6696 8674
6697 8675
6698 8677
6699 8678
6700 8680
6701 8681
6702 8682
6703 8683
6704 8687
6705 8688
6706 8689
6707 8690
6708 8691
6709 8692
6710 8695
6711 8696
6712 8697
6713 8698
6714 8699
6715 8700
6716 8701
6717 8702
6718 8703
6719 8704
6720 8705
6721 8706
6722 8707
6723 8708
6724 8709
6725 8710
6726 8711
6727 8713
6728 8714
6729 8715
6730 8716
6731 8717
6732 8718
6733 8720
6734 8722
6735 8723
6736 8724
6737 8725
6738 8726
6739 8728
6740 8729
6741 8730
6742 8731
6743 8733
6744 8734
6745 8737
6746 8738
6747 8741
6748 8742
6749 8744
6750 8746
6751 8748
6752 8750
6753 8752
6754 8753
6755 8754
6756 8755
6757 8757
6758 8758
6759 8760
6760 8761
6761 8762
6762 8763
6763 8765
6764 8768
6765 8769
6766 8770
6767 8771
6768 8772
6769 8773
6770 8774
6771 8776
6772 8778
6773 8779
6774 8780
6775 8781
6776 8782
6777 8785
6778 8786
6779 8787
6780 8788
6781 8789
6782 8790
6783 8791
6784 8794
6785 8795
6786 8796
6787 8797
6788 8798
6789 8800
6790 8801
6791 8804
6792 8805
6793 8806
6794 8807
6795 8808
6796 8809
6797 8810
6798 8811
6799 8813
6800 8814
6801 8815
6802 8816
6803 8817
6804 8818
6805 8819
6806 8821
6807 8822
6808 8823
6809 8824
6810 8825
6811 8826
6812 8828
6813 8829
6814 8830
6815 8832
6816 8833
6817 8834
6818 8835
6819 8836
6820 8837
6821 8838
6822 8840
6823 8842
6824 8843
6825 8844
6826 8845
6827 8846
6828 8847
6829 8848
6830 8849
6831 8850
6832 8851
6833 8852
6834 8853
6835 8854
6836 8856
6837 8857
6838 8858
6839 8859
6840 8860
6841 8862
6842 8863
6843 8864
6844 8865
6845 8866
6846 8868
6847 8869
6848 8870
6849 8871
6850 8872
6851 8873
6852 8874
6853 8875
6854 8876
6855 8877
6856 8878
6857 8879
6858 8880
6859 8881
6860 8882
6861 8883
6862 8885
6863 8886
6864 8888
6865 8889
6866 8891
6867 8893
6868 8894
6869 8895
6870 8897
6871 8898
6872 8899
6873 8902
6874 8903
6875 8904
6876 8905
6877 8906
6878 8907
6879 8908
6880 8909
6881 8910
6882 8911
6883 8912
6884 8913
6885 8914
6886 8915
6887 8917
6888 8919
6889 8920
6890 8921
6891 8922
6892 8923
6893 8925
6894 8926
6895 8928
6896 8930
6897 8931
6898 8932
6899 8933
6900 8934
6901 8935
6902 8936
6903 8938
6904 8939
6905 8940
6906 8941
6907 8942
6908 8943
6909 8944
6910 8945
6911 8946
6912 8947
6913 8948
6914 8949
6915 8951
6916 8952
6917 8953
6918 8954
6919 8955
6920 8957
6921 8958
6922 8960
6923 8961
6924 8962
6925 8963
6926 8965
6927 8968
6928 8970
6929 8971
6930 8973
6931 8974
6932 8976
6933 8977
6934 8979
6935 8980
6936 8981
6937 8982
6938 8983
6939 8984
6940 8985
6941 8986
6942 8987
6943 8989
6944 8990
6945 8991
6946 8992
6947 8993
6948 8994
6949 8995
6950 8996
6951 8997
6952 8998
6953 8999
6954 9000
6955 9002
6956 9003
6957 9004
6958 9006
6959 9007
6960 9009
6961 9010
6962 9011
6963 9012
6964 9014
6965 9015
6966 9016
6967 9017
6968 9018
6969 9021
6970 9022
6971 9023
6972 9024
6973 9026
6974 9027
6975 9029
6976 9030
6977 9032
6978 9033
6979 9034
6980 9035
6981 9038
6982 9039
6983 9040
6984 9042
6985 9043
6986 9045
6987 9047
6988 9049
6989 9050
6990 9051
6991 9053
6992 9054
6993 9056
6994 9057
6995 9058
6996 9059
6997 9060
6998 9061
6999 9062
7000 9066
7001 9068
7002 9069
7003 9070
7004 9071
7005 9075
7006 9077
7007 9078
7008 9079
7009 9080
7010 9081
7011 9082
7012 9084
7013 9086
7014 9087
7015 9088
7016 9089
7017 9090
7018 9091
7019 9093
7020 9094
7021 9095
7022 9096
7023 9097
7024 9098
7025 9099
7026 9100
7027 9101
7028 9102
7029 9103
7030 9104
7031 9105
7032 9106
7033 9107
7034 9108
7035 9109
7036 9110
7037 9111
7038 9113
7039 9115
7040 9116
7041 9118
7042 9119
7043 9120
7044 9121
7045 9122
7046 9124
7047 9125
7048 9126
7049 9128
7050 9129
7051 9131
7052 9132
7053 9133
7054 9136
7055 9137
7056 9138
7057 9139
7058 9141
7059 9144
7060 9145
7061 9146
7062 9147
7063 9148
7064 9149
7065 9150
7066 9151
7067 9153
7068 9155
7069 9156
7070 9157
7071 9158
7072 9159
7073 9160
7074 9162
7075 9164
7076 9165
7077 9166
7078 9167
7079 9168
7080 9169
7081 9170
7082 9171
7083 9172
7084 9173
7085 9174
7086 9175
7087 9176
7088 9177
7089 9178
7090 9179
7091 9181
7092 9182
7093 9184
7094 9185
7095 9186
7096 9187
7097 9188
7098 9189
7099 9190
7100 9191
7101 9192
7102 9193
7103 9194
7104 9195
7105 9196
7106 9198
7107 9201
7108 9202
7109 9203
7110 9206
7111 9207
7112 9208
7113 9209
7114 9210
7115 9211
7116 9213
7117 9214
7118 9215
7119 9216
7120 9217
7121 9218
7122 9219
7123 9220
7124 9221
7125 9222
7126 9223
7127 9224
7128 9226
7129 9227
7130 9228
7131 9229
7132 9230
7133 9231
7134 9232
7135 9233
7136 9234
7137 9235
7138 9237
7139 9238
7140 9240
7141 9241
7142 9242
7143 9243
7144 9246
7145 9247
7146 9249
7147 9250
7148 9253
7149 9254
7150 9255
7151 9256
7152 9258
7153 9259
7154 9262
7155 9263
7156 9264
7157 9265
7158 9266
7159 9267
7160 9269
7161 9271
7162 9272
7163 9273
7164 9274
7165 9275
7166 9276
7167 9277
7168 9278
7169 9280
7170 9281
7171 9283
7172 9285
7173 9286
7174 9288
7175 9289
7176 9290
7177 9291
7178 9292
7179 9293
7180 9294
7181 9296
7182 9297
7183 9298
7184 9299
7185 9300
7186 9301
7187 9302
7188 9303
7189 9304
7190 9305
7191 9306
7192 9307
7193 9308
7194 9309
7195 9310
7196 9312
7197 9313
7198 9314
7199 9315
7200 9316
7201 9317
7202 9318
7203 9320
7204 9321
7205 9322
7206 9323
7207 9324
7208 9325
7209 9326
7210 9327
7211 9328
7212 9330
7213 9331
7214 9332
7215 9333
7216 9334
7217 9336
7218 9337
7219 9338
7220 9339
7221 9341
7222 9343
7223 9345
7224 9346
7225 9347
7226 9348
7227 9349
7228 9353
7229 9354
7230 9355
7231 9356
7232 9357
7233 9360
7234 9361
7235 9362
7236 9363
7237 9364
7238 9365
7239 9366
7240 9367
7241 9369
7242 9370
7243 9371
7244 9372
7245 9373
7246 9374
7247 9376
7248 9377
7249 9378
7250 9379
7251 9380
7252 9381
7253 9382
7254 9383
7255 9387
7256 9388
7257 9389
7258 9390
7259 9391
7260 9392
7261 9393
7262 9394
7263 9395
7264 9396
7265 9397
7266 9398
7267 9399
7268 9401
7269 9402
7270 9403
7271 9404
7272 9405
7273 9410
7274 9411
7275 9412
7276 9414
7277 9415
7278 9417
7279 9418
7280 9419
7281 9420
7282 9421
7283 9424
7284 9425
7285 9426
7286 9427
7287 9429
7288 9430
7289 9432
7290 9433
7291 9434
7292 9435
7293 9437
7294 9438
7295 9439
7296 9440
7297 9441
7298 9442
7299 9443
7300 9445
7301 9446
7302 9448
7303 9449
7304 9451
7305 9452
7306 9453
7307 9454
7308 9456
7309 9457
7310 9458
7311 9459
7312 9460
7313 9461
7314 9462
7315 9464
7316 9465
7317 9466
7318 9467
7319 9469
7320 9470
7321 9471
7322 9473
7323 9474
7324 9475
7325 9478
7326 9479
7327 9480
7328 9481
7329 9483
7330 9484
7331 9485
7332 9486
7333 9487
7334 9488
7335 9489
7336 9490
7337 9491
7338 9493
7339 9494
7340 9495
7341 9496
7342 9498
7343 9499
7344 9501
7345 9502
7346 9504
7347 9506
7348 9507
7349 9508
7350 9509
7351 9510
7352 9511
7353 9513
7354 9514
7355 9515
7356 9516
7357 9517
7358 9518
7359 9519
7360 9520
7361 9521
7362 9522
7363 9523
7364 9524
7365 9525
7366 9526
7367 9527
7368 9528
7369 9529
7370 9530
7371 9533
7372 9534
7373 9535
7374 9536
7375 9537
7376 9538
7377 9539
7378 9540
7379 9542
7380 9543
7381 9544
7382 9545
7383 9546
7384 9547
7385 9548
7386 9549
7387 9550
7388 9551
7389 9552
7390 9553
7391 9554
7392 9555
7393 9556
7394 9557
7395 9558
7396 9560
7397 9562
7398 9563
7399 9565
7400 9568
7401 9569
7402 9570
7403 9571
7404 9573
7405 9575
7406 9577
7407 9578
7408 9579
7409 9580
7410 9581
7411 9582
7412 9584
7413 9585
7414 9586
7415 9587
7416 9588
7417 9589
7418 9591
7419 9592
7420 9593
7421 9594
7422 9595
7423 9596
7424 9597
7425 9598
7426 9601
7427 9602
7428 9603
7429 9604
7430 9605
7431 9606
7432 9607
7433 9608
7434 9609
7435 9610
7436 9611
7437 9612
7438 9613
7439 9614
7440 9615
7441 9616
7442 9617
7443 9618
7444 9619
7445 9620
7446 9621
7447 9622
7448 9623
7449 9625
7450 9626
7451 9628
7452 9629
7453 9630
7454 9633
7455 9634
7456 9635
7457 9636
7458 9637
7459 9638
7460 9640
7461 9641
7462 9642
7463 9643
7464 9644
7465 9645
7466 9646
7467 9648
7468 9649
7469 9650
7470 9651
7471 9652
7472 9653
7473 9654
7474 9656
7475 9657
7476 9658
7477 9659
7478 9660
7479 9661
7480 9662
7481 9663
7482 9665
7483 9666
7484 9668
7485 9669
7486 9670
7487 9671
7488 9673
7489 9674
7490 9675
7491 9676
7492 9677
7493 9678
7494 9679
7495 9680
7496 9681
7497 9682
7498 9684
7499 9685
7500 9686
7501 9688
7502 9689
7503 9690
7504 9691
7505 9692
7506 9694
7507 9695
7508 9697
7509 9698
7510 9699
7511 9700
7512 9701
7513 9702
7514 9704
7515 9705
7516 9706
7517 9707
7518 9708
7519 9709
7520 9710
7521 9712
7522 9713
7523 9714
7524 9715
7525 9716
7526 9717
7527 9718
7528 9719
7529 9721
7530 9722
7531 9723
7532 9724
7533 9725
7534 9726
7535 9727
7536 9729
7537 9730
7538 9731
7539 9732
7540 9733
7541 9734
7542 9736
7543 9737
7544 9738
7545 9740
7546 9741
7547 9742
7548 9743
7549 9744
7550 9745
7551 9747
7552 9749
7553 9750
7554 9752
7555 9753
7556 9754
7557 9756
7558 9757
7559 9758
7560 9759
7561 9760
7562 9761
7563 9762
7564 9763
7565 9764
7566 9765
7567 9768
7568 9769
7569 9770
7570 9771
7571 9772
7572 9773
7573 9775
7574 9776
7575 9777
7576 9778
7577 9779
7578 9780
7579 9781
7580 9782
7581 9783
7582 9784
7583 9785
7584 9786
7585 9787
7586 9789
7587 9793
7588 9794
7589 9795
7590 9796
7591 9797
7592 9798
7593 9799
7594 9801
7595 9802
7596 9803
7597 9804
7598 9805
7599 9806
7600 9808
7601 9809
7602 9812
7603 9813
7604 9814
7605 9815
7606 9816
7607 9817
7608 9818
7609 9819
7610 9821
7611 9822
7612 9823
7613 9824
7614 9826
7615 9827
7616 9828
7617 9829
7618 9830
7619 9831
7620 9833
7621 9834
7622 9835
7623 9836
7624 9837
7625 9838
7626 9840
7627 9841
7628 9842
7629 9843
7630 9845
7631 9846
7632 9847
7633 9848
7634 9850
7635 9851
7636 9853
7637 9854
7638 9856
7639 9857
7640 9858
7641 9859
7642 9860
7643 9861
7644 9862
7645 9865
7646 9866
7647 9867
7648 9868
7649 9869
7650 9870
7651 9871
7652 9873
7653 9874
7654 9875
7655 9876
7656 9877
7657 9878
7658 9879
7659 9880
7660 9881
7661 9883
7662 9885
7663 9886
7664 9887
7665 9888
7666 9890
7667 9891
7668 9892
7669 9893
7670 9894
7671 9895
7672 9897
7673 9898
7674 9901
7675 9902
7676 9903
7677 9904
7678 9905
7679 9906
7680 9907
7681 9908
7682 9909
7683 9911
7684 9912
7685 9913
7686 9914
7687 9915
7688 9916
7689 9917
7690 9918
7691 9922
7692 9923
7693 9924
7694 9925
7695 9926
7696 9927
7697 9929
7698 9930
7699 9931
7700 9932
7701 9933
7702 9934
7703 9936
7704 9937
7705 9938
7706 9939
7707 9940
7708 9941
7709 9942
7710 9943
7711 9944
7712 9945
7713 9946
7714 9948
7715 9949
7716 9950
7717 9952
7718 9953
7719 9954
7720 9955
7721 9956
7722 9957
7723 9959
7724 9960
7725 9961
7726 9962
7727 9964
7728 9965
7729 9966
7730 9968
7731 9969
7732 9970
7733 9971
7734 9973
7735 9974
7736 9976
7737 9977
7738 9978
7739 9979
7740 9981
7741 9982
7742 9983
7743 9984
7744 9985
7745 9986
7746 9987
7747 9988
7748 9990
7749 9991
7750 9992
7751 9993
7752 9994
7753 9995
7754 9996
7755 9997
7756 9998
7757 9999
